8.597
8.411
8.537
8.639
8.758
8.712
8.897
8.594
8.624
9.054
8.417
8.490
8.490
8.604
8.614
9.145
8.424
8.439
25.52
8.570
8.963
8.679
8.464
8.506
8.554
8.511
8.734
8.829
8.451
8.542
8.644
8.531
8.496
8.950
8.568
8.607
8.331
8.545
8.852
9.642
8.459
9.972
04.58
8.861
8.365
8.494
8.465
8.542
8.274
8.427
8.454
8.469
8.927
9.401
00.46
107.7
8.774
8.542
8.569
8.413
8.738
00.36
8.465
8.464
8.463
8.543
8.485
8.426
8.481
8.504
8.449
8.417
8.418
8.484
8.471
8.449
00.34
8.525
8.434
8.348
00.65
9.662
8.440
01.28
8.322
8.389
8.333
8.415
8.901
01.81
8.375
8.464
8.227
00.78
00.29
9.529
8.374
8.361
8.396
8.467
8.413
8.400
8.368
9.740
8.450
8.336
8.536
8.535
8.350
8.354
8.489
8.573
9.667
8.248
8.532
8.484
8.375
8.433
8.395
8.368
8.325
8.384
8.374
8.673
8.256
8.569
8.736
8.363
8.389
8.436
8.487
8.298
8.232
8.290
8.263
8.303
8.448
8.529
8.476
8.363
8.462
02.02
8.615
8.485
8.573
8.509
8.862
8.375
8.585
8.434
8.415
8.409
8.394
8.449
8.570
8.480
9.328
00.36
8.560
8.587
8.502
8.386
8.695
8.340
8.481
8.489
01.71
9.489
8.604
8.414
8.519
8.418
8.402
8.534
8.432
8.371
8.531
8.388
8.508
8.260
8.461
8.410
8.481
8.603
8.418
8.387
8.258
8.611
01.87
8.394
8.417
8.407
8.439
8.283
8.443
8.518
8.454
8.486
01.11
107.9
02.00
8.525
9.961
8.465
01.72
8.890
8.784
8.459
00.62
00.75
8.520
8.370
8.579
8.486
8.521
8.485
8.606
8.510
8.440
8.394
8.470
8.657
8.527
8.870
8.494
8.514
8.390
8.502
8.398
9.937
8.865
8.542
8.280
8.436
8.541
8.349
8.568
8.485
8.429
8.430
8.428
8.423
8.481
8.370
8.475
8.409
8.266
8.302
8.379
8.343
8.343
8.415
8.353
8.283
8.463
8.372
8.412
8.290
8.421
8.270
8.336
8.385
8.355
8.309
00.46
9.176
8.942
8.203
8.380
8.373
01.71
8.348
8.621
8.325
8.411
8.401
8.237
8.457
8.445
9.233
8.372
8.389
8.330
9.239
8.354
8.402
8.407
8.405
8.381
8.461
8.362
8.322
8.356
8.490
8.496
8.533
8.889
8.390
8.378
8.329
9.431
8.365
00.97
8.444
8.401
8.425
8.892
9.481
8.590
8.499
8.446
8.428
8.429
8.449
8.820
8.447
8.432
8.523
8.514
8.500
8.495
9.156
9.755
8.421
8.574
8.551
8.474
8.452
8.538
9.000
8.498
8.441
8.448
8.355
8.450
8.438
8.239
8.395
8.415
8.372
8.657
8.297
8.414
8.545
8.404
8.525
8.470
8.548
8.353
9.738
01.08
8.624
8.543
8.424
8.589
8.438
8.365
8.537
8.282
8.587
8.466
8.451
8.542
8.416
8.393
8.435
8.531
00.01
9.138
8.445
8.383
8.411
8.444
8.536
8.369
8.459
8.478
8.391
8.442
8.419
8.493
8.357
8.353
8.309
9.685
8.752
8.447
8.477
8.431
8.426
00.00
02.33
9.555
8.378
8.340
01.55
8.410
8.284
8.292
8.364
8.398
8.340
8.299
8.254
8.397
8.405
00.73
9.159
8.377
8.435
8.587
8.516
8.519
8.564
8.439
8.482
8.431
8.481
8.427
8.523
8.495
8.485
8.506
8.611
8.469
8.471
8.446
8.581
8.352
8.563
8.631
8.530
8.457
8.443
8.482
8.471
8.440
8.383
8.277
8.252
8.485
8.372
8.598
8.477
8.654
8.404
8.421
8.402
8.467
8.291
8.421
8.368
8.429
8.392
8.849
8.466
8.442
01.36
9.876
8.302
8.403
8.407
8.495
8.382
8.454
8.402
8.593
8.325
8.574
8.498
8.279
8.423
8.395
8.471
8.479
8.409
8.292
00.24
8.869
8.373
8.327
8.426
8.414
9.180
8.741
8.421
8.441
8.453
8.496
8.369
8.406
8.564
8.317
8.543
8.462
8.538
8.530
8.595
8.450
8.577
8.557
8.562
8.392
8.595
8.398
8.524
8.593
8.519
8.613
8.612
8.481
8.582
8.343
9.165
8.617
8.441
8.527
8.610
8.503
8.457
8.411
8.392
8.505
8.476
8.429
8.447
8.378
8.640
8.387
8.456
8.392
00.29
00.04
00.66
8.465
8.366
8.375
8.491
8.377
8.407
8.311
9.332
8.473
8.479
8.501
8.415
9.406
01.31
8.481
8.304
8.491
8.371
8.348
00.00
9.565
8.551
8.294
8.403
8.452
8.430
8.358
8.467
8.460
8.467
8.424
8.399
8.477
8.500
8.968
03.70
8.556
8.463
8.481
8.388
8.311
00.85
8.434
8.493
8.458
8.957
9.166
8.964
8.527
8.502
01.04
8.551
8.416
8.465
8.520
9.401
8.970
8.591
8.450
8.358
8.508
8.436
8.605
9.036
8.514
8.410
8.542
8.571
8.599
8.364
8.599
8.560
00.58
8.522
8.564
8.441
8.424
8.592
8.561
8.462
8.534
8.509
8.378
8.440
8.503
9.096
8.361
8.511
8.624
8.608
8.392
8.553
8.443
8.526
8.588
8.477
8.408
8.397
8.555
8.525
8.541
8.418
8.723
8.382
8.339
8.418
8.511
8.984
8.552
8.388
8.386
8.484
8.432
8.407
8.620
8.518
8.633
8.425
8.461
8.399
8.348
8.404
8.565
8.405
8.371
8.546
8.575
8.587
8.337
8.554
8.573
9.074
8.630
8.724
8.600
8.547
8.610
8.423
8.271
8.357
8.444
8.399
8.344
8.419
8.284
8.285
8.395
8.383
8.454
8.235
8.430
8.336
8.443
8.402
8.370
8.421
8.325
8.454
8.303
8.285
8.361
8.343
8.415
8.388
8.464
8.392
8.325
8.541
8.316
8.336
8.399
8.451
8.329
8.293
8.370
8.428
8.359
8.333
8.453
8.363
8.488
8.458
8.395
8.529
8.400
8.442
8.430
8.398
8.455
8.537
8.436
8.431
8.452
8.459
8.464
8.503
8.565
8.296
8.409
8.459
8.559
8.575
8.490
8.514
8.457
8.407
8.386
8.446
8.555
8.306
8.421
8.536
8.527
8.410
8.433
8.434
8.337
8.412
8.413
8.469
8.388
8.419
8.280
8.353
8.493
8.616
8.309
8.459
8.560
8.533
8.512
8.435
8.382
8.372
8.464
8.473
8.548
8.466
8.461
8.445
8.648
8.421
8.539
8.397
8.475
8.469
8.460
8.255
8.357
8.473
8.323
8.529
8.394
8.408
8.282
8.325
8.315
8.353
9.670
8.772
9.944
8.371
8.527
8.322
8.417
9.323
9.301
8.266
8.349
8.264
8.378
8.431
8.456
8.392
8.277
8.365
8.332
8.467
8.243
8.446
8.359
8.399
8.150
8.294
8.312
8.759
8.316
8.371
8.267
8.350
8.449
8.415
8.323
8.423
8.326
8.195
8.350
8.439
8.243
8.314
8.324
8.224
8.304
8.379
8.185
8.193
8.242
8.247
8.650
8.722
8.339
8.509
8.335
8.430
8.390
8.278
9.092
8.268
8.243
8.222
8.364
8.379
8.378
8.313
8.216
8.282
8.343
8.308
8.412
8.269
8.431
8.483
8.301
8.382
8.335
8.374
8.323
8.486
8.435
8.359
8.425
8.448
8.341
8.321
8.332
8.494
8.552
8.482
8.794
8.694
8.456
8.457
8.955
8.831
8.477
8.380
8.403
8.419
8.315
8.476
8.305
8.395
8.389
8.433
8.469
8.339
8.459
8.478
8.446
8.456
8.426
8.448
8.373
8.436
8.472
8.466
8.317
8.292
8.290
8.261
8.347
8.255
00.16
8.346
8.507
8.383
8.521
8.266
8.292
8.475
8.346
8.336
8.353
8.448
8.297
8.280
8.410
8.426
8.304
8.214
8.271
8.305
8.367
8.319
8.447
9.173
8.359
8.502
8.449
8.318
8.303
8.243
8.547
8.283
8.305
8.322
8.330
8.246
9.209
70.47
8.298
8.335
8.372
8.553
8.228
8.289
8.353
8.360
8.316
8.398
8.415
8.263
8.258
8.381
8.420
8.289
8.286
8.336
8.272
8.548
8.331
8.287
8.275
9.489
8.306
8.353
8.269
8.512
8.308
8.198
8.333
8.258
8.357
00.54
8.387
8.448
8.435
8.428
8.356
01.80
00.10
8.313
8.420
8.350
8.504
8.357
8.395
8.273
8.230
8.399
8.327
8.338
8.837
8.403
8.319
8.239
8.298
8.324
8.400
8.436
8.412
8.377
8.357
8.269
8.250
8.447
8.337
8.372
8.524
8.366
8.919
8.650
8.317
8.415
8.289
8.311
8.300
8.288
8.390
8.374
00.18
8.430
8.349
8.376
8.272
8.236
8.320
8.278
8.435
8.262
8.499
8.359
8.393
8.317
8.250
8.494
8.412
8.335
8.539
8.308
8.302
8.199
8.387
8.463
8.392
8.346
8.311
8.512
8.389
8.412
8.427
8.390
8.392
8.447
8.521
8.479
8.453
8.499
8.490
8.442
8.438
8.468
8.387
8.503
8.533
8.521
8.420
8.354
8.315
8.436
8.375
8.418
8.343
8.479
8.433
8.335
8.285
8.411
8.496
9.800
02.29
8.409
8.476
8.470
8.298
8.400
8.292
8.363
8.370
8.567
9.204
8.870
8.311
00.06
8.266
8.376
8.386
8.280
8.417
8.298
8.440
8.303
8.357
8.300
8.369
8.324
8.340
8.428
8.250
8.503
8.564
8.444
8.427
8.575
8.359
8.413
9.428
8.332
8.334
8.326
8.435
8.474
8.423
8.436
8.367
8.420
00.25
8.350
8.394
8.417
8.404
8.401
8.474
8.335
8.413
8.387
8.399
8.775
8.636
8.490
8.403
8.430
8.531
8.289
8.352
8.474
8.563
8.322
8.304
8.345
8.461
8.336
8.383
8.578
8.347
8.325
8.494
9.653
8.456
8.440
8.436
8.410
01.28
8.374
8.339
8.409
8.452
8.283
8.396
8.461
8.447
8.352
8.352
8.336
8.379
8.498
8.474
8.616
8.443
8.441
8.364
8.371
8.398
8.504
00.87
8.437
8.381
8.430
8.348
8.226
8.436
9.285
8.521
8.400
8.486
8.435
8.383
8.463
8.524
9.001
8.354
8.410
8.415
8.455
8.485
8.474
8.822
8.609
8.508
8.400
8.305
9.271
8.601
8.355
8.527
8.476
8.387
8.421
8.431
8.451
8.453
8.401
8.527
8.902
8.447
8.424
8.567
8.415
8.390
8.571
8.726
8.601
8.515
8.555
8.471
8.435
8.511
8.417
8.462
8.341
8.879
8.400
8.252
8.417
8.376
8.337
8.416
8.506
8.236
8.291
8.346
8.361
8.441
8.142
8.448
8.965
8.260
8.398
8.374
8.207
8.412
8.307
8.406
8.444
8.466
8.372
8.427
8.233
8.363
9.936
9.348
8.458
8.293
8.478
8.405
8.278
8.372
8.342
9.565
8.397
8.261
8.425
8.517
8.236
8.499
8.401
8.430
8.455
8.418
8.680
8.583
9.559
8.370
8.380
8.500
8.484
8.398
8.523
9.951
8.488
8.329
8.499
8.354
8.293
8.358
8.322
8.466
8.585
00.35
02.28
8.445
8.433
8.457
8.350
8.312
8.378
8.455
8.322
8.377
8.399
8.300
8.498
8.531
03.31
8.412
8.409
9.288
8.375
8.478
8.786
8.354
8.300
8.446
8.283
8.355
8.409
8.433
8.602
8.674
8.284
8.457
8.512
8.618
8.764
8.756
8.544
8.469
8.405
8.585
9.098
8.548
8.602
9.477
8.730
8.595
8.582
8.547
8.618
8.490
8.523
8.599
8.640
00.03
9.350
8.419
8.669
8.289
8.600
8.608
00.82
8.472
8.560
8.499
03.41
9.252
8.550
8.400
8.471
8.504
8.603
8.497
8.588
8.492
8.900
8.473
8.641
8.635
8.539
8.591
8.371
8.473
01.64
8.500
8.427
8.430
8.627
8.416
8.572
8.646
8.682
8.492
8.565
9.595
8.395
8.478
8.717
8.427
8.623
9.404
02.27
8.672
8.496
101.9
01.34
8.474
8.429
8.353
8.439
8.482
8.334
8.278
8.229
8.315
8.414
8.303
9.602
9.585
8.490
8.840
8.279
8.272
8.320
01.56
9.642
00.65
8.242
8.387
8.499
05.62
8.326
8.344
8.397
