190.023
159.911
189.945
189.790
159.907
190.572
190.300
160.053
189.917
190.596
160.604
190.303
159.987
189.980
189.943
159.987
189.933
189.933
160.113
190.368
190.039
159.887
189.787
189.779
159.906
190.449
190.078
160.033
189.873
159.986
189.965
189.977
160.127
190.257
189.810
160.054
190.724
190.296
160.012
189.865
190.061
160.443
189.808
189.947
159.890
190.013
189.879
160.011
208.676
190.287
161.703
191.544
190.251
160.006
332.631
323.085
161.028
190.441
189.984
162.436
229.861
190.251
160.207
307.189
191.552
160.013
224.108
205.849
159.940
190.200
190.063
160.070
189.994
190.260
159.901
190.256
201.755
159.964
197.541
221.377
160.608
193.723
193.335
160.044
190.946
191.899
159.898
190.504
191.109
159.873
222.208
211.860
160.002
192.544
189.996
160.402
190.179
191.602
159.856
190.149
194.853
160.167
208.868
203.021
160.148
302.398
281.854
160.173
190.319
190.008
159.959
200.543
190.581
160.714
314.605
316.952
160.130
211.134
203.677
161.675
190.083
190.596
163.767
189.877
160.137
190.592
190.093
159.948
190.148
189.869
161.861
189.780
189.763
160.200
190.069
159.988
209.308
189.837
159.955
198.365
203.250
160.114
198.168
193.114
160.007
190.234
190.545
160.099
242.818
189.930
160.413
204.409
196.769
159.950
190.051
192.078
152.989
192.191
190.673
153.234
301.559
201.799
152.868
221.121
191.083
160.804
195.567
205.903
160.119
190.163
229.397
160.112
199.523
198.072
159.834
339.626
321.109
160.024
190.243
193.677
161.304
196.169
191.299
159.989
190.191
190.152
160.019
238.3
190.054
160.174
298.474
300.161
160.152
190.439
190.480
160.310
190.175
189.920
161.218
190.064
190.135
159.936
256.727
190.138
161.741
501.925
210.930
159.880
190.099
190.007
160.194
190.052
190.178
160.000
190.158
190.912
159.932
190.074
190.263
159.993
190.153
190.066
159.979
190.134
191.270
159.925
190.194
190.216
160.034
191.154
190.033
160.464
190.122
189.977
159.890
190.308
190.525
164.269
189.954
190.148
161.505
192.577
190.203
190.294
160.545
190.003
208.138
198.325
160.082
191.190
217.306
189.931
160.015
190.060
189.949
190.025
160.047
190.226
190.075
190.020
160.053
190.053
314.098
325.771
160.276
208.732
204.957
199.998
163.538
203.176
190.023
190.279
161.861
190.556
190.004
190.165
159.923
189.903
190.021
190.115
160.062
189.775
203.124
192.145
159.934
201.277
189.874
190.059
162.733
189.974
189.880
189.932
160.410
190.436
189.905
189.956
163.102
191.151
190.110
190.244
160.813
189.986
189.979
190.069
162.031
190.036
190.141
190.152
159.933
208.092
190.272
190.716
160.050
218.929
190.051
190.182
159.958
189.774
190.008
190.265
160.038
190.467
189.812
190.072
160.248
189.914
204.057
193.508
161.312
190.340
189.872
189.895
159.877
190.341
190.016
228.324
159.832
239.115
189.974
189.873
159.860
216.073
190.031
190.013
159.866
189.823
189.985
190.234
159.751
189.881
206.112
190.082
159.953
189.904
189.954
190.027
159.869
190.060
189.902
190.260
159.954
309.087
189.884
189.937
159.805
189.804
190.025
190.578
159.836
190.159
190.069
190.226
159.871
192.903
189.976
190.182
160.182
190.002
189.948
190.240
159.834
190.008
190.866
190.107
160.604
190.095
190.071
190.042
159.945
190.234
190.036
190.332
160.150
190.012
319.875
298.666
159.995
309.762
190.247
189.855
161.972
200.877
190.023
189.974
159.997
190.106
190.016
190.000
159.961
190.784
190.120
190.240
152.891
189.896
190.291
190.278
156.533
190.030
209.590
208.247
152.994
205.573
190.094
190.092
154.855
190.190
212.881
190.260
152.868
189.950
190.053
190.286
154.645
189.913
190.238
219.662
153.096
200.092
194.647
190.140
153.026
190.278
197.343
194.277
152.908
200.904
190.089
190.083
153.185
190.142
253.358
291.708
153.171
313.276
189.919
190.136
152.926
190.133
189.979
190.068
154.791
190.118
190.047
189.948
152.976
192.953
190.152
190.246
152.915
189.995
325.813
353.051
153.028
190.032
209.673
217.025
152.868
190.069
190.103
192.499
153.072
189.898
189.806
189.940
152.975
189.947
189.929
190.341
153.899
196.197
189.946
189.966
152.858
190.035
189.849
190.002
153.134
190.027
189.967
190.026
159.961
189.861
189.908
190.016
160.096
189.934
190.189
189.985
159.852
190.076
190.367
189.929
160.957
189.914
190.163
189.855
160.126
189.868
213.497
212.721
159.925
225.911
190.579
189.900
159.964
189.954
190.193
190.220
160.017
189.936
190.255
191.629
160.379
189.739
189.847
189.785
161.578
189.948
190.002
189.717
159.922
204.048
262.779
257.165
165.546
280.828
192.168
189.779
159.815
189.876
190.249
192.448
159.836
189.941
190.146
189.673
160.124
190.087
189.958
189.771
160.027
196.546
196.322
191.918
160.684
189.754
190.156
189.755
160.048
190.062
189.879
190.095
159.987
189.852
189.966
189.861
159.959
189.916
190.856
201.578
159.918
203.842
190.047
190.086
159.915
189.993
190.235
189.981
159.981
190.236
190.109
189.984
161.355
190.195
190.045
192.331
159.948
190.071
190.153
190.418
159.923
189.996
190.190
190.023
160.002
190.116
190.233
204.947
159.990
203.555
190.187
189.969
159.979
189.802
193.932
190.494
159.840
189.875
190.105
189.943
159.995
189.876
190.001
189.910
159.941
190.065
236.123
232.741
162.098
190.015
202.590
201.073
161.771
190.175
190.190
190.028
161.755
189.891
189.899
190.005
160.028
190.175
190.189
189.944
159.956
190.055
190.131
190.075
160.029
190.190
235.733
190.054
159.891
190.027
190.075
190.141
159.839
189.954
190.297
190.144
160.022
190.343
204.574
190.189
159.885
190.010
190.146
189.918
160.486
190.031
190.061
190.114
159.963
189.940
190.048
190.068
159.904
200.569
190.887
189.807
159.964
189.962
190.038
190.013
160.090
189.956
190.051
189.912
160.023
190.045
190.027
190.101
162.065
190.043
190.363
189.905
160.097
189.883
189.988
189.790
159.960
191.269
189.839
189.909
159.924
190.135
189.767
190.008
159.928
189.957
189.949
194.986
159.926
221.252
229.209
233.595
159.832
241.457
191.112
190.086
160.052
189.791
192.434
190.500
161.285
190.907
189.956
207.820
159.875
206.714
191.747
190.436
159.856
190.276
236.931
224.443
160.002
190.595
189.955
194.970
159.957
189.969
222.832
206.538
163.471
800.477
189.723
191.505
160.072
189.820
311.093
312.928
163.286
332.411
215.731
196.303
159.865
215.694
189.948
190.078
162.340
190.097
190.181
190.207
159.881
190.288
202.366
195.973
159.861
218.278
201.009
196.854
159.987
345.526
190.230
190.052
160.025
190.401
190.078
190.152
159.972
190.039
190.041
189.972
160.048
190.035
202.855
190.098
161.824
191.335
189.888
190.082
159.937
191.110
201.605
198.941
160.218
203.602
191.006
190.034
159.880
190.740
190.436
190.875
160.050
190.915
190.640
194.327
161.195
190.026
196.121
195.979
159.989
190.028
191.668
190.060
160.047
190.428
190.357
192.495
159.953
190.258
207.600
200.503
159.987
190.065
196.588
201.438
159.999
203.482
190.333
190.350
160.010
189.996
190.088
190.083
160.028
191.411
190.100
190.014
159.900
190.371
190.097
190.727
159.996
190.025
190.291
189.999
159.903
190.048
190.015
189.985
160.049
189.974
190.272
190.811
159.930
190.029
190.142
190.113
159.953
190.149
190.021
190.232
160.012
190.221
189.893
190.069
159.873
190.031
190.093
190.118
159.902
190.154
190.248
190.352
160.041
189.917
189.954
190.083
160.382
190.043
189.968
190.875
160.045
190.006
190.203
189.970
160.076
190.131
190.248
191.619
159.933
190.115
189.985
190.086
160.096
190.842
190.023
192.228
160.016
195.631
189.687
189.742
160.114
189.858
189.912
190.209
159.900
190.096
190.042
190.960
159.977
190.181
189.990
189.815
160.209
190.073
192.670
189.784
159.912
189.857
194.339
190.000
159.896
190.096
190.145
189.856
159.820
189.918
189.776
189.980
160.111
189.999
189.970
263.218
159.919
190.023
190.435
190.018
159.974
190.154
189.875
190.095
159.930
190.074
190.061
190.067
159.836
190.285
190.987
190.194
159.807
193.679
190.230
190.117
159.985
190.703
190.279
190.535
160.085
190.121
189.951
190.415
159.891
190.342
190.161
190.033
160.119
190.162
190.118
190.238
160.045
224.920
190.073
191.766
160.074
190.099
190.347
190.161
159.968
190.336
190.123
190.105
160.080
193.220
190.212
190.151
159.939
190.664
191.324
190.247
160.093
190.806
190.392
190.225
159.966
190.090
190.226
159.988
190.258
194.747
189.991
160.019
190.340
190.943
190.250
160.011
190.559
190.385
190.025
159.918
192.812
190.953
190.468
159.945
190.078
190.609
189.953
159.944
190.360
190.171
190.013
160.089
190.628
190.027
190.021
160.361
190.035
189.965
190.110
160.124
190.054
189.892
190.144
160.066
190.304
189.906
190.026
160.061
189.909
189.866
189.942
160.072
189.801
189.837
189.972
160.106
190.017
190.234
189.984
160.018
190.122
204.352
208.548
160.065
190.116
190.165
223.351
159.990
202.477
189.888
190.100
159.956
190.913
189.991
190.052
160.015
190.019
190.083
202.630
159.961
190.115
190.129
190.077
160.075
190.007
189.993
189.969
160.101
190.000
189.860
190.041
159.778
190.102
190.051
242.622
159.945
190.032
190.070
189.942
159.988
189.915
189.993
190.075
160.009
189.764
189.933
189.622
160.009
190.029
189.744
189.863
160.097
189.891
189.946
189.981
160.018
190.050
190.095
190.344
160.023
189.992
189.796
189.845
159.891
190.173
189.973
189.848
159.891
189.987
190.277
189.950
160.161
190.154
190.297
189.779
159.959
189.850
189.866
189.774
159.964
190.007
193.341
190.123
159.813
190.085
190.220
190.281
160.073
190.077
190.156
190.100
159.914
190.198
190.487
190.389
159.950
190.226
190.769
190.351
159.840
193.321
191.782
190.025
159.834
192.177
202.578
196.078
160.836
209.238
190.054
193.756
159.900
204.875
192.964
190.376
160.232
190.259
190.439
190.386
159.826
190.531
190.319
190.254
159.957
190.076
190.123
190.286
159.895
191.580
190.125
190.544
159.931
190.647
190.182
190.113
159.836
190.056
190.351
190.450
159.922
190.820
190.312
190.447
159.942
190.221
190.209
190.377
159.816
193.404
190.049
189.883
160.038
190.199
190.138
197.492
159.946
190.304
190.263
190.464
159.871
212.976
190.122
190.117
159.819
190.429
189.989
190.371
159.970
190.380
190.224
190.141
160.012
189.967
189.994
190.296
159.975
191.151
190.237
190.300
160.003
205.739
191.352
189.958
159.813
190.216
190.073
190.089
159.920
238.667
189.996
159.825
190.077
190.052
190.118
160.013
190.017
190.559
190.588
159.916
190.101
190.307
190.081
160.036
190.162
190.029
189.870
159.902
190.013
190.164
200.118
159.946
190.166
190.147
159.968
190.266
190.115
190.021
159.988
189.886
189.961
190.049
160.118
193.929
190.122
193.471
159.832
190.517
190.122
192.795
159.867
190.660
190.017
190.003
159.935
223.340
189.831
161.841
190.068
189.756
391.292
159.880
189.887
189.873
189.865
159.802
189.898
189.934
190.723
159.949
200.755
189.752
190.385
159.818
189.850
189.903
190.055
159.880
189.901
189.973
228.539
160.017
189.866
189.895
189.873
159.982
196.556
189.940
189.890
159.679
227.518
190.208
190.117
159.872
190.054
190.604
206.638
159.877
190.714
191.887
190.288
190.251
190.172
190.427
159.817
189.964
190.065
191.907
159.821
193.499
453.523
300.022
159.772
215.650
190.429
190.676
159.818
190.548
190.202
190.092
159.971
190.034
190.294
190.119
160.005
190.362
190.104
190.161
161.689
190.465
190.372
192.530
159.858
190.106
208.178
222.424
159.799
190.045
190.740
190.112
159.863
190.344
190.171
160.024
190.026
201.772
210.476
191.041
193.149
190.666
159.821
190.397
190.766
190.545
159.938
190.576
190.631
193.746
159.875
191.098
190.854
197.872
159.883
190.767
190.566
190.593
159.829
190.912
191.180
191.038
159.826
191.231
190.591
190.592
159.835
190.392
190.524
190.375
159.883
190.409
190.433
190.473
159.827
198.754
189.854
189.819
160.287
190.122
190.635
189.894
160.024
190.039
213.327
281.915
159.836
189.896
197.824
204.372
159.868
190.095
190.044
189.945
189.999
190.258
190.129
160.004
223.302
192.043
190.066
159.873
190.014
190.132
190.444
159.827
190.113
190.038
190.865
159.915
190.096
190.100
190.459
159.923
189.930
193.823
200.674
159.994
190.111
189.946
189.986
159.851
189.930
219.528
425.790
159.848
189.943
210.124
211.669
159.848
201.018
190.068
189.983
160.877
219.359
189.888
189.918
159.818
193.046
189.877
189.949
159.868
215.919
323.079
189.725
159.768
189.863
189.784
189.794
159.937
189.917
189.817
191.978
159.865
189.945
189.945
189.799
159.815
189.909
190.336
190.190
160.039
190.088
190.112
189.971
160.064
190.035
190.309
189.845
159.975
190.058
190.158
190.230
159.713
189.972
190.069
190.204
159.861
206.499
190.322
204.152
159.815
191.804
190.003
190.522
160.258
190.519
190.309
190.541
159.884
190.222
206.433
201.799
159.773
200.609
190.086
191.132
159.841
190.425
189.963
190.708
159.905
190.267
190.537
190.063
159.897
217.846
218.857
190.182
159.950
190.155
189.961
190.835
159.841
192.102
190.011
190.436
159.972
190.038
206.363
159.881
191.386
190.308
190.187
159.966
190.230
199.946
219.925
159.762
190.901
190.680
190.325
159.920
231.009
159.821
190.114
197.276
202.440
159.872
190.215
190.086
190.547
159.981
190.529
190.226
190.045
159.852
210.405
233.760
190.113
159.853
190.171
189.954
190.917
159.821
190.389
190.569
159.838
190.083
191.278
190.034
159.859
189.996
190.062
201.309
159.969
190.412
190.189
190.293
160.856
190.224
407.258
406.990
159.799
203.330
190.338
203.667
159.881
190.129
190.148
190.041
159.750
190.195
214.125
209.913
159.788
190.333
189.909
189.933
159.733
190.102
189.806
189.957
159.841
190.263
189.823
159.792
209.958
190.064
200.629
159.867
189.779
190.102
190.443
160.127
189.921
189.947
189.974
159.957
190.061
207.514
190.118
159.667
189.902
190.016
189.847
159.872
189.901
190.140
159.790
189.910
206.046
189.885
159.754
194.392
189.983
189.914
159.737
191.337
190.080
257.541
159.906
229.644
190.297
159.795
189.778
189.853
189.819
159.903
189.988
200.037
191.346
159.905
215.660
189.965
190.111
159.855
189.890
189.930
189.913
159.714
190.063
189.753
221.793
159.962
189.742
190.220
189.906
160.056
189.986
189.874
189.720
161.313
189.989
231.640
257.374
159.816
190.020
297.641
213.324
159.891
190.247
190.020
190.385
159.950
189.929
190.151
190.090
160.290
190.032
190.163
189.855
160.064
190.274
189.952
189.889
159.999
190.052
190.094
220.459
159.968
189.961
191.111
190.117
159.935
190.858
190.259
190.269
159.833
190.070
190.180
206.242
159.923
190.122
208.209
301.206
159.722
331.248
190.270
190.071
159.834
191.564
190.028
190.280
159.975
190.275
190.141
189.949
159.775
225.769
190.630
190.269
159.870
329.550
190.177
190.167
159.949
190.227
190.063
190.156
159.948
190.059
191.701
190.350
160.068
190.105
190.044
190.195
159.930
204.378
216.094
190.274
190.170
191.850
189.995
190.080
189.986
189.983
189.981
190.212
190.189
190.184
190.144
190.143
190.286
190.296
190.049
189.861
190.191
201.695
190.126
190.172
223.235
211.787
190.318
190.205
190.163
189.892
190.859
190.661
189.825
190.151
189.994
195.390
190.008
229.126
190.099
196.357
190.127
190.212
189.920
189.973
195.852
190.059
190.112
190.328
190.458
190.071
190.390
190.111
190.029
194.910
190.193
190.005
189.899
190.084
189.751
190.013
189.888
493.014
190.009
190.305
190.074
204.859
192.176
195.289
206.260
202.724
216.219
208.759
216.036
189.821
189.902
190.059
189.940
189.916
189.974
189.986
189.980
209.499
190.161
190.025
189.982
203.256
208.687
225.275
190.223
189.778
190.077
189.979
191.155
190.101
190.054
190.057
190.040
214.604
224.352
203.692
222.076
189.996
190.138
197.031
190.112
190.723
190.131
190.163
219.875
190.661
190.705
190.015
190.397
190.120
232.456
190.183
223.325
190.070
160.161
190.293
190.036
190.187
159.951
193.582
190.536
192.723
159.830
191.294
190.217
190.349
159.937
190.424
190.162
189.945
160.191
190.083
190.164
190.185
160.036
189.963
190.162
190.088
159.886
190.153
190.301
190.233
159.921
190.105
190.447
190.346
159.925
190.045
190.216
190.118
159.930
190.333
190.283
190.095
159.876
190.092
192.059
233.919
161.845
189.983
190.248
190.078
161.057
190.023
190.224
190.063
160.021
190.050
190.058
189.944
160.009
199.815
251.500
190.008
160.663
190.251
196.492
193.203
159.880
239.547
190.082
190.290
163.286
195.241
215.887
190.171
159.922
190.250
198.135
278.247
171.682
190.176
189.892
190.150
160.145
199.905
192.323
189.932
159.916
214.270
190.158
190.214
159.880
190.183
202.880
197.755
159.894
225.441
190.539
227.236
160.004
212.158
190.147
222.197
162.586
229.360
189.955
206.620
159.702
190.215
197.413
328.254
159.986
190.303
190.162
190.109
159.866
199.876
209.230
190.017
159.926
205.356
222.205
189.965
160.087
189.960
208.320
207.814
159.981
189.775
189.841
190.133
159.850
211.685
190.090
190.031
159.782
191.055
190.166
190.180
159.898
189.906
193.717
220.594
159.926
189.948
234.705
190.177
159.730
189.861
190.127
190.802
159.844
196.457
190.091
190.053
159.967
190.158
192.628
190.132
159.989
190.252
224.728
256.861
168.931
247.633
320.206
264.121
160.497
216.234
199.220
