227.543
227.594
227.561
227.548
227.541
227.554
227.706
227.546
227.605
227.662
227.593
227.531
227.560
227.605
227.573
227.534
227.622
227.627
227.538
227.614
227.539
227.575
227.621
227.731
227.619
227.676
227.535
227.680
227.605
227.518
227.538
227.593
227.564
227.585
227.662
227.593
227.688
227.577
227.820
227.622
227.604
227.566
227.584
227.661
227.718
227.598
227.694
227.623
227.599
227.602
227.670
227.674
227.592
227.600
227.694
227.655
227.617
227.634
227.686
227.614
227.630
227.676
227.629
227.640
227.708
227.541
227.566
227.595
227.650
228.858
227.620
227.620
227.667
227.553
227.530
227.661
227.620
227.567
227.594
227.609
227.601
227.584
227.645
227.634
227.775
227.776
227.705
227.770
227.735
227.644
227.641
227.812
227.705
227.682
227.677
227.698
227.630
227.637
227.679
227.729
227.645
227.821
227.676
227.689
227.760
227.618
227.736
227.692
227.667
227.600
227.555
227.695
227.637
227.725
227.779
227.706
227.732
227.676
227.661
227.600
227.746
227.756
227.867
228.064
228.057
248.671
242.684
233.829
232.444
227.704
227.639
227.725
227.663
227.852
227.876
227.657
227.771
227.688
227.753
240.012
230.244
228.064
228.079
227.800
227.719
227.771
227.615
227.677
227.916
227.835
227.631
227.678
227.682
227.684
227.776
227.652
227.576
234.386
227.695
227.586
227.575
227.774
227.758
227.969
230.140
227.763
227.579
227.624
227.731
230.454
228.886
233.397
228.054
227.681
227.755
227.773
227.747
227.734
227.836
227.900
227.699
227.850
227.744
228.161
227.604
227.608
227.724
227.578
227.874
227.930
227.920
227.951
227.681
227.808
227.843
227.887
227.664
227.612
227.679
227.749
228.024
227.512
227.569
227.658
227.601
227.664
227.759
228.219
227.627
227.665
245.875
227.544
227.893
228.029
227.627
227.683
227.709
227.985
227.592
227.660
227.579
227.520
227.545
227.550
227.638
227.681
227.540
227.631
227.638
227.799
227.535
227.527
227.609
227.537
227.495
227.576
227.578
227.489
227.595
227.723
227.822
227.726
227.588
227.500
227.525
227.620
227.640
227.649
227.630
227.573
227.679
227.620
227.630
227.571
227.619
227.612
227.677
227.653
227.633
227.640
227.604
227.785
227.829
227.731
227.676
227.574
227.525
227.592
227.658
227.618
227.603
227.605
227.543
228.757
227.652
227.599
227.655
227.628
227.614
227.579
227.543
227.543
227.556
227.589
227.775
227.626
227.620
227.550
227.516
227.637
227.599
227.495
227.552
227.641
227.592
227.855
227.599
227.708
227.635
227.637
228.412
227.549
227.596
227.688
227.587
229.140
227.694
227.717
227.632
227.490
227.588
227.564
227.599
227.568
227.718
227.539
227.692
227.641
232.849
227.651
227.524
227.599
227.991
227.677
227.604
227.559
227.625
227.508
227.606
227.570
227.560
227.767
227.542
227.525
228.133
227.794
227.623
227.540
227.742
227.805
229.645
229.237
231.501
227.558
227.499
227.495
227.578
227.609
227.581
227.565
227.528
227.544
227.510
227.616
227.642
227.695
227.606
227.673
227.649
227.512
227.663
227.533
227.443
227.543
227.563
227.539
227.599
227.578
227.586
227.521
227.503
227.622
227.499
227.593
227.504
227.599
227.546
227.553
227.540
227.657
227.511
227.470
227.549
227.496
227.514
227.666
227.534
227.542
227.417
227.535
227.457
227.551
227.681
227.544
227.516
227.598
227.574
227.647
227.656
227.730
227.557
227.526
227.971
227.569
227.556
227.543
227.447
227.570
227.466
227.584
227.660
227.587
227.559
227.646
227.530
227.576
227.515
227.763
227.520
227.489
227.448
227.534
227.581
227.531
227.582
228.455
227.457
227.621
227.529
227.552
227.492
227.562
227.532
227.593
227.512
227.593
227.557
227.547
227.706
227.547
227.566
227.546
227.571
227.506
227.492
227.532
227.587
227.621
227.560
227.474
227.586
227.509
227.578
227.606
227.517
227.595
227.589
227.553
227.519
227.504
227.607
227.485
227.506
227.569
227.515
227.468
227.504
227.545
227.537
227.553
227.529
227.587
227.478
227.551
227.663
227.777
227.542
227.646
227.603
227.629
227.570
227.561
227.907
227.531
227.515
227.735
227.830
227.586
227.560
227.626
227.560
227.610
227.694
227.534
227.561
228.055
227.625
227.619
227.638
227.728
227.570
227.622
228.160
227.555
227.832
227.609
227.737
227.569
227.599
227.690
227.601
227.609
227.723
227.612
227.678
227.649
227.581
227.832
227.584
227.571
227.613
227.736
227.499
227.868
227.670
227.716
227.587
227.606
227.562
227.580
227.837
227.645
227.638
227.531
227.747
227.648
227.706
227.621
227.674
228.339
227.945
227.647
227.614
236.792
228.213
228.382
227.711
227.561
227.597
227.804
227.591
227.647
227.628
228.017
235.068
230.262
230.772
231.867
229.595
228.215
232.915
228.641
228.190
228.175
228.128
227.736
228.263
227.986
230.671
228.252
227.686
228.426
227.849
228.056
229.164
229.205
227.867
227.948
227.887
227.723
228.185
227.692
227.832
227.768
227.630
227.704
227.577
227.670
227.873
227.766
227.625
227.563
227.981
227.954
227.719
227.670
227.625
227.976
227.761
232.316
231.876
237.411
230.640
231.066
240.241
245.947
228.630
227.959
227.800
227.880
227.855
228.817
227.906
239.804
250.886
231.894
228.736
231.242
228.066
233.583
233.522
243.314
231.780
232.143
227.641
227.871
227.983
228.448
227.892
227.731
227.854
227.658
227.709
227.784
227.676
227.712
227.701
227.636
227.609
227.736
227.879
227.820
227.664
227.714
227.671
227.908
250.745
228.400
227.681
228.148
233.357
227.646
227.724
227.750
227.995
227.664
227.638
227.699
227.640
229.155
227.738
227.558
227.685
227.643
227.531
227.586
227.673
227.588
227.665
227.711
227.714
227.687
227.732
227.735
227.599
227.634
227.560
227.483
227.615
227.581
227.575
227.612
227.608
227.572
227.516
227.568
227.565
227.632
227.708
227.483
227.566
227.532
227.574
227.652
227.593
227.554
227.583
227.555
227.601
227.578
227.546
227.560
227.622
227.539
227.516
227.559
227.593
227.628
227.632
227.635
227.564
227.522
227.603
227.578
227.651
227.607
227.646
227.648
227.606
227.539
227.525
227.599
227.570
229.975
227.516
227.826
227.611
227.593
227.573
227.649
227.577
227.657
227.343
227.611
227.553
227.595
227.665
227.611
227.536
227.532
227.596
227.481
228.097
227.535
227.720
227.588
227.566
227.546
238.505
227.638
227.675
229.008
228.765
228.555
228.839
228.927
228.966
228.990
229.443
229.599
228.859
229.012
228.948
229.343
229.151
229.045
229.343
228.983
228.921
228.873
228.962
228.893
229.072
228.886
228.384
228.656
229.141
228.591
229.262
229.193
229.709
229.138
229.067
229.273
228.938
229.754
229.588
229.319
229.626
229.420
229.292
229.239
229.386
229.623
229.209
229.256
229.237
228.200
229.799
229.338
229.357
229.438
229.038
229.301
229.839
229.336
228.558
227.525
227.591
227.528
227.625
227.530
227.523
227.580
227.564
227.595
227.600
227.626
227.491
227.535
227.553
227.579
227.621
228.385
227.531
227.535
227.621
227.512
227.585
227.603
227.651
227.594
227.591
227.741
227.629
227.577
227.725
227.526
227.752
227.910
227.821
227.663
232.872
240.840
227.584
227.630
227.731
227.510
227.567
227.593
227.489
227.551
227.521
227.538
227.640
227.623
227.507
227.607
227.647
227.563
227.554
227.654
229.157
236.025
227.579
227.563
227.627
227.570
227.631
227.651
227.580
227.709
227.656
227.604
227.701
227.713
227.667
227.740
227.488
227.685
227.733
227.656
227.584
227.640
227.587
227.555
227.599
227.485
227.655
227.725
227.568
227.491
227.627
227.671
227.601
227.690
227.544
227.521
227.620
231.072
227.616
227.727
227.675
227.602
227.571
227.617
227.681
227.632
227.693
227.566
227.438
227.545
227.553
227.593
227.585
227.533
227.667
227.624
227.602
227.752
227.636
231.027
227.634
227.614
227.549
227.676
227.639
227.540
227.680
227.656
227.594
227.596
227.756
227.625
227.643
227.560
227.656
227.664
227.695
227.793
227.696
227.670
227.608
227.670
227.699
227.550
227.633
227.649
227.702
227.791
227.646
227.697
227.770
227.634
227.593
227.669
227.635
227.696
227.785
227.713
227.713
227.710
227.688
227.632
227.857
227.747
227.716
227.538
227.800
227.588
227.573
227.633
227.632
227.458
227.749
227.513
227.571
227.619
227.596
227.763
228.920
227.621
227.618
227.561
227.859
227.628
235.456
227.703
227.714
227.793
227.768
227.610
227.874
227.794
227.670
227.794
227.600
227.664
228.235
230.621
228.327
228.378
228.126
227.966
227.884
227.699
227.724
227.421
227.609
227.575
227.606
227.620
227.685
227.754
227.507
227.685
227.753
227.586
227.790
227.638
228.575
227.713
227.668
227.632
227.551
227.781
227.681
227.637
227.896
227.589
227.654
227.673
227.690
227.587
227.548
227.681
227.676
227.599
227.586
227.639
227.786
227.770
227.563
227.623
227.853
227.544
227.678
227.625
227.563
227.645
227.630
227.690
227.657
227.670
227.659
227.671
227.670
227.490
227.716
227.581
227.631
227.612
227.704
227.777
227.652
227.674
227.576
227.482
227.661
227.638
227.647
227.594
227.894
227.807
227.654
227.617
227.732
227.667
235.393
227.687
227.673
227.724
227.571
227.763
227.706
227.845
227.628
227.662
227.759
227.671
227.630
227.568
227.586
227.577
227.507
227.917
227.565
227.640
227.652
227.717
227.714
227.644
227.654
227.505
227.530
227.774
227.826
227.899
227.614
227.697
227.624
227.588
227.621
227.637
227.576
227.706
227.723
227.667
227.699
227.781
227.783
227.759
227.632
227.835
227.736
227.641
227.841
227.793
227.874
227.665
227.690
227.661
227.594
227.587
227.647
227.626
227.635
227.573
227.702
228.019
227.691
227.757
227.786
227.712
227.702
227.821
227.467
227.782
227.983
227.855
227.826
227.586
227.840
227.733
227.701
227.633
227.702
227.708
227.704
228.023
227.876
227.731
227.690
227.616
227.634
227.774
227.784
227.838
227.683
227.706
227.708
227.717
227.529
227.683
227.568
227.595
227.719
227.748
227.701
227.615
227.723
227.774
227.549
227.576
227.640
227.617
227.720
227.655
227.591
227.590
227.664
227.594
227.540
227.563
227.572
227.562
227.627
227.635
227.628
227.733
227.584
227.609
227.514
227.580
227.670
227.461
227.630
227.628
227.572
227.607
227.529
227.824
228.661
227.610
227.528
227.593
227.568
227.647
227.659
227.592
227.551
227.486
227.595
227.664
227.649
227.546
227.570
227.648
227.622
227.599
227.592
227.641
227.616
227.807
227.811
227.619
227.634
227.638
227.694
227.629
227.628
227.619
227.559
227.544
227.565
227.758
227.624
227.610
227.656
227.630
227.665
227.640
227.638
227.645
227.661
227.561
227.634
227.623
227.646
227.640
227.614
227.508
227.676
227.698
227.778
227.749
227.652
227.604
227.595
227.637
227.608
227.622
227.578
227.633
227.577
227.571
227.561
227.610
227.709
227.542
227.614
227.810
227.600
227.552
227.577
227.616
227.667
227.707
227.638
227.569
227.568
227.621
227.601
232.462
227.577
227.628
227.714
227.770
227.635
227.617
227.821
227.656
231.672
227.497
227.576
227.653
227.507
227.656
227.721
227.511
227.650
227.711
227.525
227.634
227.536
227.525
227.538
227.564
227.628
227.635
227.802
227.665
227.612
227.538
227.540
227.574
227.636
227.658
227.621
227.637
227.645
227.623
227.607
227.557
227.655
227.502
227.648
227.677
227.590
227.689
227.682
227.777
227.690
227.632
227.513
227.567
227.534
227.853
227.601
227.675
227.732
227.895
227.615
227.705
227.925
227.778
227.817
227.586
227.917
227.846
227.663
227.616
227.699
227.600
227.644
227.632
227.584
227.643
227.659
227.664
227.591
227.582
227.551
227.582
227.743
227.725
227.609
227.609
227.669
227.561
227.647
227.618
227.576
227.641
227.576
227.628
227.528
227.622
227.587
227.515
227.622
227.600
227.638
227.614
227.515
227.532
227.615
227.638
227.670
227.639
227.640
227.648
227.632
227.680
227.612
227.673
227.686
227.559
227.683
227.643
227.565
227.606
227.609
227.546
227.729
227.688
227.621
227.562
227.777
227.679
227.598
227.620
227.625
227.527
227.772
227.706
227.714
227.776
227.577
227.604
227.656
227.628
227.603
227.530
227.654
227.654
227.655
227.558
227.803
227.669
227.775
227.659
227.560
227.606
227.688
227.684
227.734
227.661
227.531
227.641
227.598
227.593
227.634
227.619
227.678
227.804
227.586
227.579
227.746
227.656
227.668
227.601
227.652
227.529
227.572
227.572
227.632
227.569
227.572
227.588
227.636
227.565
227.547
227.488
227.608
227.579
227.608
227.621
227.796
227.565
227.549
227.664
227.372
227.611
227.546
227.717
227.684
227.579
227.637
227.538
227.578
227.571
227.451
227.680
227.610
227.594
227.587
227.546
227.503
227.597
227.647
227.576
227.499
227.852
227.732
227.622
227.607
227.746
227.895
227.706
227.579
227.543
227.525
228.169
227.574
227.610
227.578
227.520
227.592
227.597
227.685
227.633
227.699
227.715
227.623
227.677
227.764
227.671
227.547
227.666
227.575
227.670
227.801
227.685
227.635
227.797
227.574
227.699
227.508
227.665
227.632
227.625
227.681
227.464
227.690
227.651
227.640
227.682
227.477
227.606
227.593
227.622
227.487
227.651
227.639
227.623
227.624
227.679
227.583
227.512
227.428
227.626
227.607
227.676
227.774
227.675
227.511
227.770
227.573
227.592
227.459
227.542
227.586
227.732
227.510
227.575
227.600
227.660
227.441
227.507
227.566
227.648
227.545
227.585
227.566
227.594
227.509
227.565
227.775
227.488
227.636
227.605
227.566
227.687
227.567
227.697
227.516
228.160
227.370
227.590
227.529
227.504
227.587
227.526
227.679
227.464
227.645
227.513
227.553
227.462
227.390
227.567
227.534
227.620
227.581
227.500
227.517
227.583
227.555
227.619
227.565
227.604
227.566
227.585
227.691
227.573
227.605
227.623
227.703
227.467
227.462
227.638
227.646
227.665
227.550
227.619
227.573
227.637
227.471
227.553
227.622
227.661
227.649
227.589
227.510
227.523
227.552
227.550
227.533
227.464
227.556
227.549
227.766
227.537
227.498
227.540
228.045
227.583
227.506
227.529
227.537
227.601
227.614
227.541
227.528
227.540
227.516
227.609
227.602
227.658
227.671
227.735
227.643
227.794
227.545
227.604
227.555
227.668
227.535
227.660
227.605
227.565
227.476
227.508
227.555
227.569
227.562
227.592
227.440
227.744
227.567
227.612
227.534
227.520
227.492
227.499
227.584
227.686
227.555
227.599
227.528
227.612
227.664
227.536
227.622
227.569
227.652
227.607
227.563
227.548
227.612
227.653
227.681
227.570
227.585
227.567
227.679
227.559
227.603
227.606
227.638
227.573
227.534
227.704
227.747
227.676
227.683
227.583
227.575
227.866
227.659
227.703
227.703
227.633
227.713
227.634
227.630
227.648
227.549
227.535
227.696
227.555
227.614
227.770
227.634
227.725
227.687
227.630
227.643
227.624
227.615
227.658
227.616
227.609
227.547
227.498
227.621
227.631
227.751
227.754
227.648
227.593
227.639
227.662
227.512
227.622
227.608
227.506
227.824
227.597
227.625
227.772
227.596
227.663
227.640
227.665
227.686
227.747
227.668
227.590
227.761
227.651
227.647
227.708
227.653
227.649
227.727
227.693
227.518
227.955
227.628
227.649
227.616
227.769
227.653
227.753
227.702
227.759
227.679
227.462
227.659
227.565
227.734
227.762
227.706
227.678
227.574
227.684
227.726
227.685
227.722
227.751
227.581
227.598
227.666
227.679
227.716
227.644
227.778
227.685
227.751
227.645
227.629
227.670
227.686
227.758
227.733
227.629
227.595
227.597
227.663
227.573
227.681
227.765
227.682
227.781
227.681
227.647
227.706
227.511
227.624
227.680
227.666
227.657
227.696
227.676
227.599
227.651
227.585
227.636
227.589
227.694
227.728
228.853
227.521
227.688
227.666
227.707
227.651
227.797
227.734
227.672
227.639
227.654
231.941
227.614
227.754
227.752
227.755
227.554
227.576
227.594
227.584
227.715
228.206
227.759
227.706
227.650
227.713
227.665
227.844
227.697
227.649
228.292
227.624
227.714
227.628
227.725
227.644
227.808
227.744
227.599
227.592
227.692
227.595
227.746
227.573
227.708
227.602
227.661
227.680
227.735
227.782
227.639
227.617
227.720
227.589
227.838
227.513
227.484
227.709
227.578
227.636
227.645
227.722
227.742
227.746
227.747
227.725
227.627
229.073
227.728
227.567
227.564
227.706
227.703
227.731
227.784
227.660
227.666
227.554
234.066
228.592
227.644
227.629
227.716
227.753
227.718
227.548
227.588
227.899
227.764
227.709
227.536
227.611
227.859
227.904
227.613
227.578
227.622
227.675
227.701
227.782
227.654
227.596
227.575
227.538
227.565
227.541
228.410
227.608
227.647
227.681
227.800
227.609
227.607
228.014
228.086
227.836
227.627
230.983
227.712
228.895
227.688
227.608
228.310
244.757
227.898
233.450
229.204
228.831
228.247
227.776
228.086
243.356
251.196
227.684
231.904
242.839
229.915
227.565
233.134
229.234
228.038
227.671
227.776
227.761
227.704
228.141
227.678
228.202
227.804
227.735
228.184
227.715
228.211
227.798
228.536
227.753
228.025
227.677
227.793
227.809
229.069
227.813
227.541
227.740
228.011
227.598
227.690
227.841
227.654
227.645
227.737
227.673
228.561
229.875
227.747
227.754
227.916
237.372
227.687
227.879
228.473
227.574
227.799
227.906
227.577
227.560
227.689
227.721
227.616
227.627
227.527
228.060
227.888
227.600
227.632
227.755
228.378
227.608
228.805
228.269
227.642
227.587
227.652
227.637
227.733
227.628
227.705
227.651
227.991
227.701
227.649
227.712
227.615
227.644
227.649
227.717
227.526
227.686
227.781
227.717
227.713
227.583
227.514
227.595
227.620
227.494
227.447
227.644
227.568
227.513
227.633
227.543
227.537
227.579
227.457
227.561
227.695
227.524
227.533
227.662
227.496
227.595
227.700
227.572
227.693
227.624
227.521
227.639
227.549
227.537
227.619
227.545
227.572
227.618
227.621
227.495
227.790
227.540
227.626
227.567
227.597
227.674
227.541
227.549
227.848
227.773
227.763
227.567
227.506
227.579
227.453
227.622
227.497
227.588
227.535
227.638
227.529
227.604
227.603
227.654
227.659
227.596
227.692
227.653
227.626
227.628
227.598
227.595
227.608
227.506
227.543
227.613
227.654
227.520
227.593
227.519
227.642
227.611
227.635
227.684
227.606
227.701
227.653
227.781
227.654
227.602
227.568
227.636
227.542
227.663
227.548
227.632
227.567
227.574
227.526
227.556
227.579
227.628
227.587
227.539
227.589
227.607
227.527
227.573
227.597
227.631
227.797
227.611
227.615
227.610
227.559
227.574
227.651
227.652
227.598
227.550
227.511
227.557
227.564
227.574
227.528
227.515
227.553
227.538
227.527
227.690
227.488
227.502
227.592
227.614
227.581
227.597
227.496
227.542
227.494
227.546
227.565
227.524
227.601
227.503
227.567
227.569
227.652
227.498
227.558
227.574
227.492
227.564
227.812
227.823
227.594
227.594
227.554
227.356
227.596
227.542
227.600
227.658
227.504
227.685
227.529
227.713
227.628
227.593
227.568
227.516
227.521
227.588
227.554
227.507
227.540
227.594
227.497
227.429
227.799
227.523
227.481
227.635
227.609
227.591
227.645
227.617
227.650
227.603
227.592
227.578
227.619
227.591
227.581
227.597
227.614
227.580
227.562
227.636
227.572
227.653
227.539
227.533
227.514
227.651
227.527
227.585
227.519
227.478
227.521
227.586
227.613
227.532
227.536
227.621
227.593
227.507
227.616
227.657
227.668
227.620
227.562
227.590
227.636
227.532
227.589
227.572
227.526
227.422
227.450
227.536
227.610
227.677
227.481
227.513
227.602
227.537
227.606
227.468
227.585
227.429
227.570
227.613
227.600
227.623
227.630
227.714
227.732
228.232
227.599
227.959
227.585
227.664
227.808
228.088
228.068
227.441
227.597
227.775
231.644
227.641
227.652
227.807
227.653
227.610
227.594
227.837
227.838
227.620
227.675
227.578
227.718
228.102
228.232
227.819
227.717
227.629
227.544
227.625
227.638
227.631
227.618
227.641
227.675
227.700
227.605
227.629
227.695
227.733
227.709
227.549
227.634
227.744
227.612
227.466
227.702
227.549
227.845
227.805
227.643
227.843
227.568
227.918
227.785
227.691
227.711
227.627
227.641
227.630
228.003
227.942
227.779
227.849
227.731
227.678
227.562
227.547
227.668
227.510
227.801
227.708
227.676
227.685
227.699
227.711
227.661
227.675
227.589
227.799
227.690
227.679
228.356
227.566
227.642
227.674
227.584
227.538
227.606
227.762
227.685
227.648
227.779
227.842
227.610
227.625
227.537
227.568
227.626
227.682
228.360
227.634
227.540
227.532
227.531
227.535
227.477
227.746
227.679
227.685
228.173
228.134
227.699
227.572
227.544
227.570
227.642
227.699
227.533
227.774
227.579
227.601
227.640
227.649
227.686
227.664
227.587
227.640
227.663
227.763
227.664
227.665
227.691
227.857
227.649
227.981
227.574
227.535
227.671
227.615
227.629
227.827
227.615
227.596
227.526
227.568
227.645
227.568
227.634
227.771
227.536
227.708
227.599
227.960
227.870
227.678
227.681
227.629
227.664
227.717
227.747
227.829
227.654
227.727
227.582
227.530
227.756
227.585
227.671
227.626
227.637
227.632
227.514
227.717
227.601
227.547
227.580
227.492
227.599
227.573
227.773
227.582
227.605
227.605
227.579
227.601
227.657
227.757
227.606
227.597
227.694
227.689
227.622
227.659
227.756
227.578
227.631
227.611
227.538
227.525
227.587
227.606
227.711
227.640
227.755
227.578
227.678
227.722
227.642
227.590
227.720
227.646
227.585
227.596
227.619
227.671
227.697
227.636
227.660
227.604
227.613
227.577
227.681
227.641
227.651
227.615
227.658
227.636
227.574
227.635
227.551
227.604
227.611
227.592
227.638
227.532
227.525
227.448
227.616
227.568
227.556
227.599
227.525
227.500
227.612
227.678
227.793
227.452
227.494
227.570
227.528
227.739
227.603
227.521
227.530
227.548
227.491
227.543
227.387
227.756
227.593
227.724
227.692
227.571
227.734
227.649
227.596
227.520
227.511
227.565
227.454
228.445
227.605
227.743
227.503
227.871
227.727
227.637
227.662
227.638
227.574
227.675
227.577
227.459
227.433
227.478
227.672
227.568
227.572
227.604
227.587
227.542
227.625
227.528
227.704
227.638
227.566
227.506
227.548
227.637
227.532
227.552
227.594
227.747
227.591
227.522
227.518
227.633
227.484
227.505
227.537
227.597
227.576
227.546
227.554
227.547
227.510
227.496
227.546
227.593
227.593
227.559
227.536
227.587
227.528
227.523
227.557
227.558
227.523
227.589
227.508
227.543
227.577
227.626
227.629
227.537
227.547
227.558
227.534
227.552
227.654
227.588
227.509
227.523
227.599
227.520
227.607
227.546
227.560
227.517
227.526
227.613
227.575
227.513
227.534
227.548
227.557
227.561
227.566
227.583
227.593
227.465
227.530
227.544
227.562
228.882
228.255
227.506
227.570
227.555
227.572
227.534
227.570
227.439
227.483
227.548
227.582
227.570
227.569
227.572
227.535
227.511
227.605
227.459
227.551
227.527
227.555
227.587
227.486
227.510
227.547
227.555
227.594
227.595
227.606
227.569
227.497
227.566
227.535
227.579
227.529
227.561
227.513
227.625
227.618
227.568
227.613
227.730
227.599
227.868
227.550
227.546
227.526
227.472
227.609
227.608
227.605
227.497
227.656
227.563
227.596
227.674
227.609
227.623
227.605
227.685
227.632
227.618
227.675
227.772
227.642
227.667
227.576
227.573
227.555
227.543
227.610
227.534
227.567
227.579
227.545
227.535
227.502
227.474
227.577
227.505
227.586
227.499
227.540
227.569
227.504
227.592
227.643
227.542
227.593
227.615
227.529
227.621
227.623
227.647
227.592
227.648
227.663
227.755
227.737
227.725
227.614
227.637
229.708
227.621
227.502
227.588
227.661
227.560
227.663
227.603
227.598
227.648
227.789
227.604
227.589
227.694
227.649
227.601
227.645
227.660
227.585
227.607
227.550
227.622
227.632
227.649
227.733
227.558
227.652
227.575
227.578
228.166
227.580
227.587
227.704
227.715
227.662
227.738
227.690
227.768
227.752
227.724
227.702
227.692
227.687
227.682
227.554
227.816
227.640
227.615
227.611
227.608
227.599
227.786
227.698
227.656
227.586
227.501
227.540
227.610
227.603
230.502
227.576
227.744
227.685
227.649
227.658
227.476
227.692
227.645
227.599
227.582
227.651
227.661
227.722
227.643
227.629
227.674
227.670
227.642
227.668
227.660
227.604
227.668
227.692
227.632
227.629
227.545
227.761
227.764
227.621
227.578
227.569
227.557
227.638
227.612
227.626
227.734
227.651
227.574
227.609
227.725
227.734
227.721
227.630
227.670
227.742
227.602
229.792
227.640
227.677
227.660
230.762
227.684
227.679
227.734
227.776
227.617
227.914
227.670
228.439
228.001
227.560
227.787
227.820
227.637
227.704
227.805
229.111
228.352
228.083
228.594
227.646
227.623
227.810
227.766
227.738
227.955
227.741
227.712
227.671
227.705
227.747
227.694
227.632
227.733
227.892
227.857
227.697
227.700
227.640
227.891
227.641
227.813
227.908
227.620
227.704
227.668
227.473
227.739
227.765
227.769
227.612
227.648
227.634
227.615
227.613
227.735
227.605
227.621
227.583
227.604
227.690
227.783
227.652
227.738
227.707
227.630
227.560
227.740
227.622
227.870
227.599
227.749
227.720
227.726
227.674
227.632
227.818
228.047
227.637
227.673
227.733
227.658
227.610
227.721
227.628
227.670
227.600
227.705
227.744
227.615
227.640
227.695
227.703
227.634
227.653
227.708
227.866
227.635
227.758
227.619
227.643
227.734
228.013
227.701
227.786
227.741
227.667
227.799
227.607
227.671
227.619
227.633
227.583
227.564
227.797
228.046
227.766
227.604
227.758
227.590
227.687
227.601
227.720
227.652
227.603
227.637
227.540
227.648
227.717
228.008
227.633
227.658
227.567
227.669
227.664
227.575
227.646
227.604
227.575
227.615
227.742
227.602
227.531
227.525
227.534
227.469
227.646
227.592
227.648
227.625
227.739
227.677
227.724
227.625
227.540
227.587
227.609
227.627
227.569
227.571
227.629
227.619
227.569
227.623
227.577
227.663
227.641
227.592
227.534
227.607
227.584
227.566
227.583
227.549
227.510
227.620
227.659
227.626
227.612
227.626
227.595
227.509
227.583
227.539
227.558
227.682
227.632
227.664
227.591
227.559
227.924
227.662
227.813
227.662
227.580
227.514
227.604
227.632
227.562
227.528
227.566
227.642
227.542
227.587
227.567
227.663
227.797
227.579
228.771
227.595
227.682
227.587
227.551
227.558
227.692
227.425
227.401
227.492
227.538
227.575
227.642
227.658
227.588
227.621
227.567
227.462
227.481
227.527
227.725
227.553
227.585
227.543
227.516
227.584
227.512
227.540
227.577
227.525
227.465
227.502
227.511
227.579
227.549
227.530
227.521
227.524
227.542
227.564
227.543
227.612
227.543
227.562
227.579
227.500
227.570
227.469
227.617
227.514
227.498
227.600
227.634
227.543
227.496
227.629
227.572
227.552
227.588
227.537
227.542
227.527
227.563
227.586
227.532
227.508
227.518
227.519
227.581
227.679
227.500
227.622
227.594
227.626
227.590
227.772
227.670
227.578
227.710
227.729
227.536
227.557
227.598
227.541
227.597
227.693
227.763
227.547
227.505
227.563
227.624
227.584
227.675
227.597
227.522
228.038
227.492
227.465
227.540
227.586
227.533
227.605
227.597
227.642
227.651
227.521
227.735
227.442
227.507
227.579
227.627
227.764
227.635
227.614
227.640
227.947
227.596
227.627
227.542
227.487
227.568
227.609
227.579
227.539
227.653
227.622
227.595
227.606
227.653
227.576
227.572
227.575
227.570
227.572
227.570
227.570
227.625
227.648
227.582
227.601
227.687
227.633
227.545
227.824
227.629
227.598
227.628
227.663
227.586
227.731
227.629
227.553
227.585
227.587
227.635
227.608
227.844
227.592
227.549
227.638
227.560
227.581
227.622
227.550
227.601
227.584
227.508
227.518
227.520
227.542
227.614
227.522
227.545
227.720
227.929
227.543
227.547
227.579
227.698
227.644
227.565
227.695
227.909
227.633
228.176
227.578
227.446
227.696
227.710
227.652
227.658
227.702
227.559
227.600
227.656
227.607
227.676
227.617
227.569
227.624
229.018
231.671
227.691
227.584
227.590
227.591
227.655
227.595
227.755
227.622
227.584
227.641
227.638
227.585
227.622
228.476
229.053
227.585
229.308
227.134
227.018
227.050
227.145
227.160
227.059
227.078
226.930
227.408
227.250
227.835
227.814
228.237
227.602
227.561
227.763
227.708
227.509
227.621
231.224
227.594
227.640
227.671
227.636
227.634
227.623
227.713
227.794
227.646
227.488
227.584
227.655
227.592
227.589
227.698
227.600
227.562
227.633
227.654
230.196
227.666
227.816
227.583
227.736
227.560
227.617
227.553
227.601
227.595
227.701
227.668
227.577
227.577
227.719
227.870
227.604
227.712
227.600
227.697
227.583
227.652
227.596
227.706
227.687
227.584
227.683
227.677
227.765
227.785
228.103
227.600
227.683
227.716
227.762
227.611
227.620
227.657
227.678
227.655
227.520
227.654
227.601
227.597
227.611
227.649
227.695
227.710
227.589
227.676
227.798
227.626
227.621
227.548
227.571
227.709
227.648
227.481
227.575
227.639
227.622
227.705
227.663
227.660
227.657
227.747
227.696
227.583
227.531
227.619
227.797
227.850
227.682
227.712
227.743
227.643
227.688
227.629
227.709
227.555
227.796
227.634
227.666
227.641
227.646
227.597
227.667
227.610
228.019
227.662
227.702
227.631
228.019
227.872
227.756
227.788
227.696
227.711
227.616
227.630
227.675
227.570
227.626
227.761
227.614
227.718
227.625
227.660
227.682
227.681
227.755
227.645
227.693
227.625
227.671
227.710
227.632
227.691
227.681
227.688
227.772
227.691
227.775
227.660
227.713
227.612
227.549
227.615
227.609
227.567
227.691
227.635
227.603
227.737
227.656
227.554
227.658
227.646
227.516
227.556
227.595
227.600
227.675
227.575
227.602
227.709
227.604
227.656
227.686
227.584
227.654
227.574
227.799
227.613
227.602
227.772
227.567
227.600
237.492
227.530
227.645
227.559
227.590
227.601
227.535
227.632
227.579
227.500
227.526
227.532
227.565
227.606
227.567
227.605
227.593
227.611
227.586
227.664
227.576
227.493
227.869
227.618
227.531
227.843
227.482
227.623
227.575
227.527
227.552
227.566
227.560
227.652
227.507
227.721
227.529
227.538
227.724
227.624
227.619
227.777
227.487
227.660
227.597
227.589
227.604
227.647
227.568
227.593
227.582
227.549
227.711
227.585
227.570
227.570
227.531
227.576
227.551
227.674
227.694
227.540
227.615
227.649
227.607
227.628
227.638
227.736
227.625
227.644
227.540
227.613
227.584
227.761
227.639
227.625
227.699
227.618
227.462
227.636
227.646
227.549
227.601
227.667
227.510
227.580
227.625
227.500
227.541
227.609
227.691
227.567
227.608
227.535
227.592
227.567
227.597
227.629
227.577
227.686
227.632
227.542
227.619
227.528
227.578
227.501
227.537
227.564
227.557
227.554
227.774
227.547
227.565
227.585
227.533
227.627
228.244
227.594
227.618
241.275
227.519
227.499
227.524
227.585
227.527
227.595
227.831
227.570
227.509
227.577
227.587
227.540
227.633
227.541
227.623
227.533
227.558
227.659
227.546
227.560
227.439
227.535
227.471
227.580
227.565
227.586
227.459
227.560
227.617
227.643
227.492
227.578
227.540
227.538
227.522
227.501
227.489
227.652
227.501
227.568
227.539
231.433
227.573
227.611
227.918
227.609
227.652
227.600
227.539
227.545
227.477
227.599
227.548
227.525
227.608
227.641
227.597
227.517
227.568
227.617
227.663
227.547
227.527
227.581
227.514
227.591
227.567
227.547
227.603
227.521
227.490
227.564
227.571
227.527
227.560
227.546
227.631
227.625
227.505
227.545
227.523
227.603
227.495
227.575
227.480
227.531
227.593
227.720
227.553
227.551
227.552
227.650
227.484
227.539
227.548
227.496
227.508
227.538
227.688
227.611
227.559
227.606
227.569
227.736
227.583
227.689
227.552
227.599
227.564
227.710
227.699
227.505
228.123
227.555
227.709
227.646
227.496
227.643
227.561
227.566
227.503
227.547
227.570
227.575
227.552
227.571
227.556
227.555
227.652
227.603
227.588
227.720
227.679
227.589
227.580
227.572
227.615
227.998
227.498
227.643
227.653
227.588
227.633
227.616
227.644
227.617
227.640
227.588
227.644
227.589
227.659
227.653
227.649
227.600
227.548
228.932
227.810
227.499
227.651
227.540
227.532
227.582
227.633
227.657
227.683
227.619
227.529
227.692
227.457
227.635
227.581
227.622
227.643
227.683
227.620
227.591
227.628
227.699
227.502
227.677
227.686
227.622
227.718
227.574
227.621
227.650
227.595
227.681
227.632
227.769
227.605
227.579
227.594
227.625
227.601
227.658
227.676
227.583
227.557
227.765
227.651
227.625
227.829
227.891
228.017
227.846
227.737
227.666
227.884
227.646
227.639
227.642
227.629
227.799
227.621
227.666
227.701
227.526
227.588
227.713
227.727
227.665
227.792
227.730
227.683
227.673
227.671
227.657
227.664
227.691
227.677
227.742
227.606
227.720
227.604
227.622
227.611
227.772
227.639
227.633
227.668
227.727
227.601
227.780
227.693
228.157
227.752
227.510
227.678
227.659
227.597
227.975
227.586
227.534
228.040
227.618
227.781
228.242
227.631
227.621
227.648
227.631
227.702
227.660
227.673
227.606
227.679
227.598
227.715
228.170
227.669
227.678
227.791
227.606
227.984
227.611
227.600
227.746
227.675
227.669
227.590
227.652
227.620
227.578
227.666
227.610
227.606
228.389
227.594
227.721
228.164
227.747
227.591
227.531
227.559
227.539
227.620
227.661
227.598
227.650
227.679
227.631
227.634
227.535
228.118
227.685
227.576
227.614
227.671
227.673
227.546
227.930
227.585
227.617
227.566
227.608
227.552
227.646
227.639
227.624
227.641
227.633
227.654
227.576
227.579
227.594
227.663
227.634
227.615
227.577
227.600
227.549
227.576
227.701
227.669
227.514
227.613
227.488
227.497
227.618
227.583
227.514
227.498
227.500
227.551
227.517
227.588
227.594
227.583
227.491
227.484
227.548
227.570
227.605
227.551
227.545
227.596
227.577
227.571
227.591
227.524
227.609
227.491
227.589
227.494
227.683
227.569
227.529
227.596
227.516
227.501
227.531
227.626
227.620
227.495
227.669
227.560
227.593
227.546
227.565
227.583
227.609
227.563
227.531
227.600
227.685
227.635
227.646
227.560
227.529
227.606
227.606
227.565
227.488
227.585
227.626
227.614
227.556
227.604
227.536
227.619
227.508
227.590
227.636
227.651
227.650
227.634
227.559
227.515
227.592
227.570
227.513
227.690
227.503
227.526
227.616
227.629
227.744
227.658
227.583
227.577
227.591
227.699
227.635
227.625
227.593
227.618
227.789
227.969
227.625
227.601
227.598
227.722
227.661
227.629
227.599
227.560
227.539
227.858
229.389
229.715
229.458
228.850
229.472
228.724
229.500
229.492
229.644
229.556
229.204
229.465
229.363
229.414
229.746
229.759
229.051
229.342
229.553
229.477
229.363
229.439
229.253
229.250
230.049
229.389
229.119
229.441
229.120
229.216
229.148
229.278
229.385
229.209
228.551
229.601
229.330
229.426
229.508
229.213
229.904
229.441
229.380
229.407
229.223
229.207
229.670
229.293
228.987
229.549
229.375
229.347
229.189
229.458
229.885
229.816
228.938
229.156
229.386
229.249
229.370
229.659
227.478
227.474
227.491
227.555
227.510
227.659
227.633
227.574
227.789
227.603
227.627
227.581
227.548
227.508
227.558
227.585
227.637
227.578
227.575
227.596
227.634
227.583
227.660
227.671
227.699
227.527
227.611
227.541
227.586
227.539
227.635
227.588
227.509
227.657
227.591
227.619
227.561
227.554
227.633
227.667
227.588
227.651
228.558
227.480
228.246
227.593
227.672
227.573
227.557
227.615
227.713
227.609
228.676
227.664
227.513
227.690
227.650
227.487
227.564
227.634
227.630
227.616
227.745
227.466
227.576
227.527
227.506
227.586
227.678
227.647
227.559
227.574
227.608
227.519
227.551
227.550
227.536
227.587
227.581
227.497
227.873
227.588
227.487
227.420
227.614
227.582
227.513
227.640
227.553
227.776
227.546
227.567
227.796
227.814
227.582
227.542
227.598
227.655
227.487
227.515
227.604
238.972
227.614
227.726
227.604
227.682
227.595
227.494
227.476
227.702
227.589
227.590
183.925
221.023
221.372
221.034
221.329
221.420
184.194
184.461
184.219
184.382
183.859
184.196
184.278
184.798
184.658
184.403
184.385
184.273
184.829
184.503
184.598
184.854
175.029
175.198
175.035
175.053
175.214
174.706
174.917
174.746
183.887
184.522
184.668
184.460
184.381
185.114
184.314
184.630
184.445
184.441
220.800
220.082
227.747
227.713
227.659
227.631
227.669
227.597
227.653
227.647
227.611
227.652
227.614
227.689
227.628
227.621
227.630
227.626
227.624
230.180
227.739
227.631
227.717
227.687
227.651
227.636
227.601
227.624
227.640
227.631
227.610
227.567
227.734
227.647
227.685
227.676
227.651
227.767
228.168
228.578
228.188
227.612
227.728
227.634
227.622
227.620
227.564
227.662
228.481
233.410
227.623
227.654
227.764
227.758
227.723
227.614
227.654
227.620
227.650
227.634
227.553
227.678
227.561
227.660
227.605
227.580
227.688
227.761
227.757
227.665
227.698
227.653
228.147
227.813
227.736
227.863
227.842
227.752
227.613
227.553
227.520
228.785
228.130
227.885
227.928
227.548
228.077
227.782
227.727
227.872
227.729
227.764
227.696
227.797
227.702
227.727
227.723
227.712
227.604
229.932
227.567
227.538
227.664
227.783
227.709
227.581
227.638
227.713
227.631
227.719
227.607
227.775
227.671
227.663
227.675
227.639
227.671
227.666
227.638
227.620
227.670
227.717
227.697
227.595
227.604
227.666
227.669
227.845
227.673
227.730
227.663
227.763
227.643
227.657
227.742
227.584
227.594
227.675
227.775
230.533
227.716
227.594
227.596
227.520
227.487
227.651
227.595
227.768
227.646
227.652
227.524
227.693
227.703
227.675
227.686
227.651
227.625
227.588
229.210
227.633
227.636
227.833
227.585
227.584
227.627
227.553
227.613
227.806
240.370
227.659
227.754
227.620
227.629
227.564
227.568
227.619
227.502
227.683
227.668
227.528
227.604
227.524
227.668
227.637
227.674
227.702
227.668
227.819
227.620
227.626
227.621
227.646
227.941
227.721
227.732
227.699
227.642
227.522
227.660
227.536
227.671
227.707
227.569
227.719
227.697
227.624
227.674
227.712
227.688
227.627
227.624
227.733
227.653
227.580
227.652
227.544
227.541
227.628
227.525
227.676
227.661
227.575
227.647
227.630
227.563
227.730
227.692
227.704
227.684
227.810
227.776
227.525
227.643
227.679
227.741
227.650
227.746
227.761
229.064
228.103
228.107
227.796
227.573
227.617
227.718
227.635
227.683
227.767
227.580
227.586
227.634
227.446
227.704
227.737
227.639
227.644
227.778
227.749
227.628
227.655
227.767
227.618
227.748
227.746
227.749
227.649
227.681
227.684
227.662
227.714
227.707
227.765
227.689
227.669
227.701
227.772
227.655
227.701
227.718
227.744
227.715
227.648
227.785
227.703
227.736
227.746
227.745
227.748
227.773
227.656
227.666
227.883
227.836
232.502
227.901
239.761
228.875
227.742
227.438
227.742
227.815
227.743
227.934
227.684
227.758
227.657
227.781
227.797
227.676
227.723
227.765
227.835
227.638
227.685
227.481
227.627
227.542
227.691
227.735
227.698
227.599
227.688
227.752
227.779
227.692
227.926
227.799
227.704
227.877
227.736
227.825
227.835
227.592
227.517
227.640
227.540
227.625
227.628
227.525
227.646
227.672
227.698
228.357
227.661
227.697
227.692
227.571
227.639
227.671
227.624
227.843
227.736
227.560
227.701
227.573
227.546
227.597
227.629
227.634
227.674
227.778
227.564
227.623
227.613
227.530
227.642
227.667
227.552
227.569
227.662
227.587
229.771
227.559
227.714
227.632
227.800
227.566
227.546
227.634
227.643
227.609
227.688
227.687
227.694
227.575
227.604
227.714
227.657
227.676
227.653
227.720
227.596
227.645
227.644
227.663
227.600
227.531
227.526
227.786
227.622
227.564
227.715
227.670
227.599
227.637
227.624
227.689
227.665
227.600
227.579
227.568
227.478
227.592
227.506
227.514
227.468
227.513
227.658
227.712
227.630
227.767
227.621
227.677
227.615
227.621
227.631
227.687
227.626
227.620
227.614
227.589
227.598
227.623
227.513
227.607
227.539
227.614
227.580
227.634
227.612
227.535
227.619
227.647
227.632
227.601
227.617
227.837
227.667
227.682
227.636
227.690
227.624
227.578
228.200
227.677
227.670
227.641
227.675
227.743
227.571
227.634
227.617
227.637
227.640
227.651
227.586
227.602
227.605
227.767
227.625
227.541
227.618
227.514
228.078
227.565
227.735
227.689
227.719
227.651
227.683
227.584
227.695
227.519
227.584
227.605
227.490
227.518
227.700
227.648
227.684
227.629
227.574
227.529
227.565
227.571
227.512
227.504
227.691
227.620
227.872
227.649
227.591
227.624
227.533
227.592
227.592
227.632
227.430
227.537
227.518
227.550
227.581
227.696
227.596
227.510
227.589
227.492
227.600
227.566
227.653
227.532
227.463
227.673
227.670
227.662
227.532
227.673
227.638
227.696
227.619
227.603
227.578
228.862
227.647
227.623
227.570
227.558
227.641
227.528
227.505
227.572
227.508
227.513
227.534
227.684
227.600
227.797
230.007
228.516
227.853
227.595
227.533
227.660
227.461
227.608
227.687
227.605
227.677
227.587
227.597
228.401
227.550
227.678
227.636
227.676
227.531
227.533
227.593
227.601
227.500
227.616
227.643
227.552
227.598
227.619
227.631
227.618
227.783
227.531
227.452
227.515
227.483
227.593
227.609
227.591
227.560
227.538
228.072
227.609
227.623
227.673
227.613
227.620
227.551
227.621
227.714
227.520
227.681
227.670
227.709
227.610
227.692
227.731
227.536
227.584
227.680
227.996
227.798
227.603
227.719
227.720
227.533
227.535
227.621
227.550
227.630
227.501
227.770
227.897
227.703
227.597
227.579
227.798
227.605
227.631
227.651
227.607
227.764
227.871
227.592
227.582
227.557
227.590
227.967
227.742
227.620
227.656
227.605
227.518
227.526
227.535
227.747
227.557
227.619
227.553
227.572
227.521
227.511
227.455
227.575
227.577
227.560
227.602
227.851
227.637
227.703
227.556
227.605
227.628
227.782
227.620
227.561
227.634
227.719
227.633
227.595
228.103
227.670
227.504
227.774
227.516
227.580
227.484
227.526
227.541
227.558
227.768
227.534
227.481
227.555
227.525
227.573
227.622
227.673
227.577
227.574
227.684
227.729
227.696
227.620
227.619
227.586
227.608
227.757
227.577
227.614
227.573
227.761
227.512
227.622
227.566
227.581
227.541
227.504
227.552
227.594
227.606
227.533
227.548
227.538
227.550
227.580
227.572
227.538
227.547
227.528
227.555
227.461
227.631
227.555
227.520
227.510
227.577
227.546
227.652
228.633
227.501
227.366
227.607
227.867
227.652
227.515
227.599
227.573
227.452
227.533
227.726
227.660
227.602
227.521
227.518
227.538
227.570
227.557
227.650
227.666
227.480
227.939
227.613
227.589
227.549
227.557
227.644
227.590
227.671
227.446
227.567
227.640
227.577
227.675
227.614
227.609
227.639
227.659
227.550
227.738
227.542
227.579
227.550
227.634
227.755
227.616
227.616
227.617
227.566
227.613
227.495
227.625
227.618
227.515
227.566
227.687
227.512
227.561
227.543
227.628
227.556
227.616
227.524
227.594
227.652
227.573
227.648
227.532
227.639
227.629
227.526
227.592
227.576
227.679
227.567
227.540
227.520
227.539
227.563
227.510
227.564
227.628
227.549
227.553
227.564
227.430
229.873
227.569
227.589
227.644
227.475
227.609
227.553
227.488
227.486
227.625
227.482
228.169
227.571
227.538
227.665
227.542
227.519
227.539
227.661
227.603
227.645
227.545
227.563
227.568
227.514
227.647
227.644
227.607
227.544
227.504
227.607
227.554
227.768
227.625
227.548
227.517
227.607
227.550
227.486
227.489
227.645
227.543
227.582
227.576
227.537
227.545
227.634
227.660
227.481
227.534
227.577
227.526
227.599
227.768
227.579
227.560
227.509
227.527
227.600
227.558
227.545
227.560
227.912
227.795
227.761
227.676
227.501
227.556
227.613
227.507
227.514
227.617
227.755
227.567
227.853
227.609
227.689
227.640
227.778
227.616
227.679
227.681
227.730
227.679
227.626
228.386
227.778
227.746
228.124
227.683
227.598
227.559
227.719
227.603
227.544
227.702
230.843
230.888
227.586
227.661
227.567
227.639
227.636
227.534
227.608
227.776
227.602
227.594
227.535
227.711
227.769
227.691
227.677
227.639
227.642
227.573
227.735
227.684
227.768
227.725
227.595
227.694
227.665
227.621
227.666
227.732
227.583
227.676
227.702
227.667
227.496
227.594
227.558
227.689
227.588
227.601
227.821
227.665
227.615
227.569
227.701
227.683
227.644
227.617
227.591
227.741
251.336
252.061
227.675
227.704
228.044
227.638
227.843
227.686
227.636
227.629
227.615
227.618
227.609
227.633
227.656
227.791
227.633
227.590
227.690
227.756
227.613
228.023
227.712
227.603
227.617
227.663
227.751
227.574
227.600
227.715
231.362
227.646
227.580
227.592
227.754
227.546
227.628
227.666
227.578
227.619
228.457
227.964
227.902
227.764
227.586
227.525
227.631
227.669
227.732
227.804
227.606
227.581
227.604
227.650
227.778
227.582
227.612
227.678
227.733
227.761
227.751
227.664
236.517
243.822
228.581
227.655
227.981
227.717
227.758
227.545
227.597
227.674
227.573
227.699
228.146
227.750
227.608
227.633
227.730
227.761
227.573
227.654
227.682
227.754
227.723
227.656
227.784
227.862
227.710
227.882
227.791
227.712
227.591
227.600
227.634
227.858
227.598
227.644
227.628
227.640
227.844
227.647
227.671
227.659
227.620
227.716
227.706
227.638
227.756
227.658
227.677
227.548
227.732
227.553
227.719
227.500
227.688
227.692
227.576
227.661
227.631
227.632
227.603
227.642
227.617
227.632
227.608
227.633
227.650
227.604
227.600
227.515
228.715
227.499
227.567
228.183
227.641
227.606
227.751
227.599
227.661
227.599
227.642
227.600
227.759
227.706
227.591
227.653
227.607
227.555
227.585
227.532
228.808
227.595
227.541
227.529
227.634
227.585
227.536
227.668
227.572
227.600
227.515
227.521
227.562
227.497
227.670
227.548
227.532
227.569
227.580
227.530
227.471
227.566
227.463
227.483
227.572
227.565
227.533
227.537
227.564
227.514
227.560
227.550
227.573
227.450
227.530
227.579
227.586
227.684
227.524
227.505
241.427
227.492
