106.170
105.994
106.010
106.025
105.959
106.026
106.241
106.146
106.344
105.993
106.090
105.986
105.993
106.116
105.931
106.049
106.074
106.253
106.412
105.970
106.098
105.989
106.053
105.854
105.810
106.009
106.114
105.980
105.896
105.923
106.200
106.227
106.092
105.995
105.947
106.088
106.057
106.248
106.032
106.043
106.521
106.120
106.482
106.182
106.196
106.037
107.302
107.073
106.452
106.194
106.077
106.673
106.207
106.298
121.360
121.528
121.249
121.294
122.405
123.505
121.523
121.219
121.212
121.556
121.398
121.743
121.496
121.212
121.611
121.551
121.617
121.239
121.447
121.316
121.187
121.253
121.289
121.216
121.118
121.129
121.506
121.907
121.143
121.159
121.312
121.087
121.442
121.851
121.182
121.319
121.340
121.228
121.323
121.104
121.206
121.426
121.114
121.178
121.205
121.123
121.273
121.324
121.157
121.008
121.092
121.195
121.715
121.268
121.287
121.189
121.064
121.019
121.204
121.322
121.072
121.123
121.053
121.072
120.901
121.115
121.048
121.199
121.098
120.989
121.137
121.363
120.917
121.257
120.950
121.181
121.033
120.927
121.036
121.315
121.168
121.201
121.347
121.658
121.315
121.255
121.190
121.578
121.295
121.281
121.809
121.578
121.347
121.146
121.195
121.248
121.526
121.762
121.395
121.496
121.323
121.356
121.788
121.429
121.642
121.842
121.455
121.319
121.260
121.191
121.519
126.057
121.342
121.134
121.271
121.228
121.366
121.104
121.159
121.224
121.254
121.984
121.091
121.880
121.327
121.398
121.248
121.183
121.286
121.312
121.503
121.356
121.095
121.124
121.251
121.147
121.517
121.341
121.224
121.137
121.555
121.261
121.265
121.197
121.160
121.175
121.118
121.219
121.567
121.962
121.248
121.539
121.265
121.033
121.140
121.178
121.223
121.137
121.015
121.402
121.087
121.209
121.142
121.092
121.113
121.159
121.040
121.164
121.202
121.122
121.372
121.043
121.102
121.005
121.000
121.052
121.234
108.371
108.402
108.523
108.723
108.484
108.409
108.578
108.383
108.343
121.152
121.238
120.972
120.984
120.990
121.058
121.017
120.986
121.074
121.066
121.981
121.094
121.306
121.033
121.581
121.091
121.052
121.485
120.939
121.195
121.150
121.185
121.267
121.428
121.549
121.049
121.145
121.067
121.094
121.094
121.419
121.107
121.226
121.147
121.417
121.081
121.039
121.043
121.432
121.017
121.096
121.119
120.953
120.995
120.998
121.359
121.006
121.170
121.253
121.096
121.194
121.289
121.008
121.183
121.022
120.988
121.182
121.111
121.012
121.346
121.139
121.275
121.132
121.255
121.220
121.335
121.388
121.231
121.088
121.223
121.108
121.056
122.011
121.097
121.299
121.140
121.054
121.148
121.074
121.023
121.255
121.529
121.429
121.078
121.214
121.053
120.921
121.197
121.333
121.283
121.087
121.180
121.110
121.062
121.419
121.140
121.383
121.073
121.131
121.260
121.195
121.646
121.055
121.071
121.292
121.065
121.219
121.145
121.047
121.100
121.082
121.090
121.057
121.559
121.075
121.181
121.581
120.970
121.159
121.433
121.529
121.027
121.151
121.149
121.163
121.133
120.993
121.111
121.102
121.135
121.122
121.128
120.970
121.098
121.219
121.128
121.005
120.997
121.280
121.076
121.158
121.201
121.000
120.999
