180.985
177.914
179.842
177.647
184.968
208.463
178.131
180.399
178.002
190.690
191.806
176.480
186.766
180.167
180.821
182.166
178.493
176.859
178.124
174.782
182.259
185.373
180.253
179.871
183.477
179.469
182.435
179.745
183.084
180.404
180.308
177.264
178.239
179.464
182.587
182.090
178.178
179.261
180.975
176.077
183.386
176.751
209.104
188.724
182.500
186.639
217.547
189.497
179.915
186.684
226.854
187.398
185.222
179.059
178.485
178.337
278.263
305.872
278.972
289.011
283.025
274.183
284.538
278.457
395.649
282.403
186.273
182.341
178.190
178.391
275.809
183.067
322.074
179.072
187.219
193.998
262.537
273.265
201.254
296.162
181.825
188.829
266.868
216.170
186.434
184.633
179.984
231.611
178.257
179.116
183.497
196.932
208.002
208.729
248.813
225.598
182.094
195.848
177.802
190.612
188.200
178.120
186.397
195.144
179.788
180.353
202.677
189.013
233.416
248.323
243.346
177.428
276.874
204.304
181.790
201.969
205.224
222.306
181.132
208.521
188.765
283.585
229.024
348.326
202.021
260.007
198.352
220.483
262.228
195.485
271.282
197.445
185.300
176.613
236.758
300.969
220.631
195.955
185.012
182.294
178.176
214.182
192.961
190.653
220.908
181.025
208.913
215.099
187.666
269.006
225.518
182.888
264.986
238.148
185.667
181.127
189.442
198.824
180.946
180.075
216.784
182.460
177.206
217.230
192.097
185.061
187.218
251.077
204.286
185.248
183.703
209.366
176.059
193.310
198.210
184.957
176.316
188.418
188.050
182.424
181.905
177.744
179.310
186.693
180.900
252.111
198.776
179.175
344.382
199.642
179.899
177.046
204.607
186.291
176.476
213.763
176.939
190.182
179.612
181.097
194.040
237.143
189.888
180.638
194.212
187.110
175.856
240.872
208.486
232.998
228.013
179.624
214.781
185.071
204.518
177.256
194.543
179.800
184.809
192.660
186.005
210.303
181.468
182.948
178.149
178.217
184.868
181.097
183.774
178.809
177.610
179.374
183.826
207.789
178.642
179.692
188.176
182.020
181.705
251.262
184.418
183.126
182.185
194.283
180.665
184.298
178.701
180.945
180.558
188.041
175.785
184.677
178.194
190.588
178.102
179.085
185.112
176.016
182.562
180.179
223.701
179.874
181.345
180.555
174.756
176.968
179.613
235.133
188.445
177.619
443.187
196.057
177.778
195.823
199.256
181.264
182.445
201.006
180.921
195.270
180.810
196.650
176.365
181.775
181.765
179.653
181.803
186.417
183.187
187.679
187.736
184.330
191.815
181.107
183.654
183.404
179.411
183.304
178.999
178.857
195.587
178.325
238.996
200.171
202.609
219.038
193.175
184.335
288.373
189.340
179.735
279.312
189.692
254.679
192.828
191.014
188.755
190.663
263.375
207.325
242.484
190.204
180.636
175.760
177.695
187.969
180.721
227.005
184.767
203.774
193.185
181.747
197.907
178.951
188.800
186.678
185.646
178.624
176.652
180.502
182.296
183.247
275.290
175.652
186.396
178.961
237.821
198.315
185.852
182.368
197.822
183.888
185.294
190.024
189.770
178.966
176.385
182.899
177.417
191.484
178.911
202.419
183.092
179.116
184.597
187.204
178.315
175.626
184.063
178.403
173.702
183.072
182.293
175.381
206.768
176.157
178.469
252.417
213.012
180.306
178.274
211.322
179.644
178.368
179.857
193.378
179.440
213.525
181.875
189.785
201.709
179.279
215.394
180.649
178.537
192.885
185.904
208.252
185.896
185.479
178.141
186.229
186.451
182.981
188.374
209.818
180.817
181.012
190.416
196.898
180.052
183.639
209.174
180.180
208.071
182.956
186.567
202.765
178.760
181.718
192.085
182.372
196.851
181.593
180.172
182.426
178.770
180.576
180.076
175.553
178.951
179.454
181.845
195.954
175.808
179.246
204.125
187.542
179.505
236.175
185.085
184.478
193.875
192.462
180.952
180.969
178.402
176.475
190.722
181.526
178.136
178.689
176.867
176.842
177.730
258.802
179.980
180.645
211.910
178.948
179.045
176.992
177.678
200.550
182.497
178.995
180.857
181.760
197.351
182.480
179.070
184.325
176.426
178.125
177.941
188.838
182.584
178.340
189.678
182.187
184.824
180.905
177.525
190.381
197.906
234.882
177.478
187.107
179.834
179.987
191.275
182.725
213.778
203.208
182.823
201.040
247.119
203.444
183.560
180.701
182.035
182.714
208.263
178.664
192.684
179.831
179.568
177.910
189.744
180.517
214.964
180.264
174.166
175.802
185.914
177.170
180.489
180.752
180.086
177.111
176.751
177.034
183.822
179.637
180.694
180.083
182.590
180.152
180.460
265.762
201.900
187.283
214.046
181.428
182.968
200.473
180.753
177.679
187.332
194.166
244.249
208.580
226.574
184.617
216.097
179.866
179.620
179.682
195.527
190.611
191.593
196.805
178.475
183.675
181.064
182.198
177.976
179.859
189.936
202.902
182.598
187.495
182.468
179.724
188.312
185.634
220.122
179.389
178.508
182.338
178.060
179.442
181.481
208.354
186.178
179.342
178.387
187.438
192.700
179.872
191.080
179.191
194.445
187.541
202.327
177.913
178.892
185.728
188.952
188.116
189.087
179.833
175.977
179.282
178.322
176.661
181.210
177.706
186.972
178.474
179.131
186.747
182.452
183.214
183.533
181.567
190.895
220.856
197.047
210.540
183.467
182.589
187.339
196.524
185.394
180.261
176.225
190.001
181.304
219.213
204.661
178.709
206.505
178.967
196.437
189.459
196.581
178.121
178.585
179.792
179.428
178.666
180.479
181.198
186.064
183.630
180.376
187.878
204.262
178.917
180.436
177.479
178.599
181.909
179.977
194.598
177.584
177.644
182.295
176.272
185.569
194.406
177.985
182.505
207.367
180.037
179.269
181.459
178.909
182.129
177.350
177.158
187.549
173.468
182.510
188.219
186.125
179.624
180.334
175.848
183.691
187.647
179.410
182.016
178.683
178.666
179.446
177.142
186.408
184.862
178.626
181.194
188.273
178.517
186.814
179.408
182.319
180.925
179.088
180.565
183.549
184.101
185.768
196.106
182.553
195.623
231.678
231.375
235.591
239.834
242.076
236.573
236.081
240.101
239.935
180.230
178.995
178.120
221.518
227.066
219.208
188.415
191.161
199.837
184.046
190.703
189.815
211.592
196.124
216.534
181.932
181.235
180.885
177.866
180.647
177.410
213.806
178.636
182.208
200.097
181.965
194.892
183.213
180.865
177.940
180.881
183.522
177.425
181.401
177.620
184.183
198.993
186.854
180.133
197.920
175.180
181.456
177.935
182.366
184.921
179.621
176.322
177.667
182.620
180.240
177.737
177.333
195.506
177.845
180.274
178.240
192.406
183.904
176.547
180.255
201.884
180.554
178.524
186.523
179.863
193.404
226.301
183.548
195.883
201.448
176.711
182.651
181.443
182.370
183.174
179.701
181.656
182.424
179.563
176.416
183.174
182.554
180.383
180.093
180.021
183.278
189.150
179.806
182.280
181.700
179.102
181.679
181.429
180.457
182.881
197.131
194.144
185.983
210.706
195.737
206.249
194.559
247.747
197.924
189.923
182.558
180.924
184.444
188.253
177.671
180.385
332.960
195.780
182.966
180.535
175.737
190.149
181.165
206.248
218.100
185.558
184.896
180.010
184.648
233.365
211.024
186.368
177.694
178.636
224.107
185.048
183.591
180.488
180.295
180.216
180.726
187.480
202.643
189.876
193.002
216.542
179.050
178.373
179.971
179.196
180.560
181.371
182.566
176.361
179.915
199.927
201.228
200.298
179.314
181.009
183.458
174.301
189.554
182.836
177.638
181.411
227.588
210.993
180.182
176.309
209.887
194.879
178.479
178.729
178.175
191.180
178.534
187.871
177.747
175.879
185.776
187.018
206.694
185.492
199.067
180.673
185.829
252.095
182.162
182.137
180.033
231.058
177.941
178.302
176.725
188.750
178.793
183.162
177.719
182.245
178.671
179.597
176.370
183.188
180.100
176.898
176.241
176.187
179.594
190.627
190.009
185.383
235.041
194.831
177.489
180.728
181.461
181.044
184.190
182.576
187.427
179.618
176.907
181.780
213.661
232.812
181.921
184.479
179.776
201.997
183.991
191.988
177.531
181.303
202.622
177.412
177.392
180.521
174.440
182.400
254.134
187.196
178.688
189.721
179.005
184.795
176.892
185.926
323.948
181.993
180.526
173.819
184.330
177.611
176.513
199.618
181.221
177.061
178.936
237.212
180.928
179.140
201.056
290.408
186.250
179.055
221.354
174.549
189.147
174.547
180.309
176.811
176.340
179.992
178.098
187.417
198.986
178.526
179.030
186.565
177.632
180.281
179.594
178.375
195.345
178.362
212.894
200.665
176.532
186.052
177.187
182.183
175.621
183.342
193.787
176.689
177.284
188.018
177.335
178.735
187.032
173.958
177.091
271.911
191.336
184.442
178.300
183.545
183.055
179.125
182.763
175.632
186.602
182.705
184.751
180.311
178.471
179.346
178.830
178.951
175.181
174.132
181.088
187.507
191.216
188.974
210.380
227.160
184.008
199.927
186.112
203.095
182.744
178.866
180.274
180.091
219.764
179.579
203.768
176.854
179.487
231.815
176.963
176.799
180.241
183.614
179.016
177.640
182.405
180.179
196.166
178.857
178.705
177.547
185.165
187.181
179.109
205.061
182.758
176.968
179.796
179.156
178.005
181.127
181.799
183.563
181.165
181.334
175.089
186.453
182.052
176.424
176.346
184.381
183.453
177.183
207.548
181.674
176.236
179.929
185.321
180.841
181.962
181.983
177.075
178.591
177.687
185.313
196.504
176.449
204.303
196.027
182.784
198.843
178.309
182.112
184.107
214.961
195.266
182.849
176.341
177.929
182.844
184.452
190.296
191.865
184.741
178.112
178.114
194.677
180.580
177.584
237.501
178.233
181.386
182.073
176.958
203.997
227.104
180.179
179.358
177.226
184.711
188.255
196.042
182.185
176.402
174.218
177.316
181.145
261.425
182.382
180.126
177.554
181.020
176.942
182.152
180.127
189.587
246.757
199.616
177.411
234.387
188.695
195.911
175.808
182.969
199.154
179.632
182.257
226.983
179.263
183.278
193.396
180.931
179.070
178.907
180.267
193.680
178.660
189.205
300.822
192.531
189.618
207.452
251.197
187.949
183.306
179.591
179.621
190.411
181.025
179.695
182.435
184.685
179.707
179.454
182.570
180.773
179.355
201.182
181.126
183.184
233.074
185.853
176.802
184.078
192.648
243.449
215.732
179.404
200.420
223.351
179.812
182.342
178.990
178.371
197.055
179.130
183.876
176.301
243.681
193.981
225.730
193.588
223.173
179.327
179.679
177.901
184.374
214.751
181.574
185.060
208.737
176.943
181.466
183.905
244.153
180.863
375.050
302.533
297.147
191.341
222.653
187.331
181.135
177.341
181.870
180.915
180.025
179.106
184.409
179.280
177.115
198.878
177.245
179.060
249.444
183.550
230.439
185.796
187.610
188.226
196.009
183.096
188.076
176.540
181.755
180.891
184.310
175.801
251.917
177.863
180.591
180.173
212.723
180.169
188.523
224.331
178.082
181.744
177.148
181.576
208.641
178.372
181.210
189.413
197.373
180.477
179.228
194.255
181.457
189.100
181.762
197.191
183.859
177.518
182.867
180.566
214.630
180.400
244.399
180.852
187.738
192.309
198.135
184.250
200.050
195.837
195.024
199.642
186.458
178.196
180.428
176.742
183.358
176.996
178.844
182.600
187.003
185.486
181.323
308.245
197.391
178.501
202.819
175.778
192.283
252.850
182.195
239.270
186.805
180.063
182.164
208.578
181.617
178.684
178.301
181.241
184.234
186.361
183.858
178.950
177.545
183.956
178.232
181.361
194.851
194.863
199.237
179.569
177.371
179.809
178.648
184.017
184.153
181.762
190.549
187.754
200.659
180.468
196.287
211.098
195.263
178.118
206.853
188.440
188.215
180.605
308.117
187.206
180.095
181.549
180.688
258.246
237.473
177.863
176.766
186.410
189.653
177.568
180.474
181.683
198.217
195.890
181.977
211.397
291.277
201.543
178.096
217.790
176.030
190.037
212.529
183.401
238.866
197.173
178.815
189.309
185.459
189.017
189.771
280.658
213.348
210.231
176.382
200.438
184.542
183.570
287.393
185.126
178.009
186.612
178.190
184.146
191.362
211.028
221.399
197.730
186.088
181.128
195.722
185.906
178.535
182.586
177.922
175.450
193.324
194.796
178.106
217.220
182.693
194.846
179.302
182.694
201.082
182.136
177.501
206.860
203.118
180.256
200.048
190.763
220.945
182.808
199.127
180.891
180.172
182.250
179.049
187.330
177.450
177.888
175.411
205.565
185.437
179.495
181.586
185.246
206.752
193.930
183.796
179.402
179.851
178.878
180.196
213.349
178.523
192.197
176.437
384.743
199.599
397.353
208.458
189.682
210.136
187.423
182.627
198.484
180.681
208.212
187.291
177.806
178.958
200.334
181.906
177.063
222.453
193.235
187.481
202.999
174.192
218.510
231.300
193.942
468.860
183.204
185.184
186.802
219.582
183.625
176.842
190.727
185.442
187.225
179.541
203.777
209.688
292.810
179.715
178.752
295.387
202.505
178.824
187.436
240.397
183.673
185.318
249.097
179.962
254.056
190.476
210.704
232.797
177.007
180.530
177.212
179.998
205.133
193.550
179.864
177.591
213.195
187.013
181.706
175.513
176.860
323.097
185.267
181.148
184.041
219.175
180.815
190.663
177.426
209.783
212.501
180.402
197.891
274.437
185.747
208.301
197.144
201.183
181.768
179.755
181.481
186.334
187.431
177.643
189.949
183.000
179.618
231.722
227.291
179.187
184.276
211.258
188.078
182.653
177.494
193.078
215.681
196.329
183.846
195.245
219.643
185.333
185.362
193.250
184.012
184.633
202.845
225.121
179.921
185.402
186.203
