106.054
106.212
106.004
106.007
106.374
105.997
106.357
106.042
106.180
106.146
105.974
105.985
105.948
106.036
106.191
106.149
105.928
105.906
106.141
106.197
105.909
105.887
105.811
106.118
105.891
106.133
106.023
105.978
105.868
105.926
105.917
105.942
106.143
105.947
105.895
106.388
106.447
105.923
106.126
106.554
106.186
106.225
106.343
106.288
106.140
106.070
107.344
107.068
106.355
106.332
106.246
106.221
106.209
106.248
121.262
121.544
121.740
121.176
122.780
121.852
121.241
121.444
122.056
121.235
121.453
121.794
121.289
121.225
121.192
121.385
121.472
121.274
121.330
121.291
121.639
123.306
121.289
121.472
121.271
121.161
121.461
121.229
121.309
121.556
121.300
121.503
121.680
121.458
121.172
121.613
121.674
121.275
121.654
121.496
121.453
121.240
121.256
121.953
121.177
121.031
121.194
121.627
121.087
121.721
121.558
121.359
121.182
121.236
121.410
121.097
121.123
121.256
121.085
121.235
121.264
121.147
121.235
121.156
120.976
121.402
121.622
121.210
120.939
121.051
120.990
121.423
121.663
121.042
121.426
121.646
121.143
121.289
121.198
121.822
121.172
121.242
121.812
121.217
121.639
121.535
121.361
121.428
121.478
121.987
121.969
121.338
121.298
121.176
121.395
121.334
121.122
121.391
121.275
121.253
121.426
121.728
121.485
121.221
121.265
121.571
121.366
121.596
